# This file was generated by Animated Java via MC-Build. It is not recommended to edit this file directly.
$data merge entity $(bone_head) { transformation: [-0.9997438337957705f,0.010153336459411147f,-0.020228112766068358f,0.01015333645941114f,0.01015928531644453f,0.999948374821791f,-0.0001913455459281787f,0.998323374821791f,0.02022512569043416f,-0.0003967996986696844f,-0.9997953724841925f,0.06210320030133031f,0f,0f,0f,1f], start_interpolation: 0, interpolation_duration: 1 }
$data merge entity $(bone_left_wing) { transformation: [-0.07677322582819482f,0.9968244282577484f,-0.021140743235409043f,0.35286585903841106f,0.9969607628392747f,0.07703061714826383f,0.011641365069815064f,0.963576754232772f,0.013232881578254672f,-0.020182746353509265f,-0.9997087313786781f,0.023919607945695982f,0f,0f,0f,1f], start_interpolation: 0, interpolation_duration: 1 }
$data merge entity $(bone_right_wing) { transformation: [-0.09700120103551058f,-0.9950545850967748f,-0.021380824950257157f,-0.3344580266961812f,-0.9951854656787891f,0.09727186948555054f,-0.012003012475093507f,0.9705612628878275f,0.014023405412370401f,0.02011357960859006f,-0.9996993488124164f,0.037824381857869474f,0f,0f,0f,1f], start_interpolation: 0, interpolation_duration: 1 }
$data merge entity $(bone_body) { transformation: [-0.9997438337957705f,0.010153336459411147f,-0.020228112766068358f,-7.654042494670958e-18f,0.01015928531644453f,0.999948374821791f,-0.0001913455459281787f,-0.0016250000000000027f,0.02022512569043416f,-0.0003967996986696844f,-0.9997953724841925f,0.0625f,0f,0f,0f,1f], start_interpolation: 0, interpolation_duration: 1 }