# This file was generated by Animated Java via MC-Build. It is not recommended to edit this file directly.
$data merge entity $(bone_head) { transformation: [-0.9988294219356628f,0.021664884627017558f,-0.04324833695955923f,0.02166488462701755f,0.021702652869270256f,0.9997643881042514f,-0.00040390217594927266f,0.9942643881042514f,0.043229396642857666f,-0.0013420330211285137f,-0.999064271312544f,0.061157966978871485f,0f,0f,0f,1f], start_interpolation: 0, interpolation_duration: 1 }
$data merge entity $(bone_left_wing) { transformation: [-0.06446152525161837f,0.9969167935415603f,-0.044739451461196844f,0.36298396024282115f,0.9975979641503478f,0.06551514009499157f,0.02249596278035035f,0.9555488421091836f,0.02535771451287054f,-0.043181861622068246f,-0.9987453695219499f,0.015119041936282426f,0f,0f,0f,1f], start_interpolation: 0, interpolation_duration: 1 }
$data merge entity $(bone_right_wing) { transformation: [-0.10761504355468753f,-0.9931403553191401f,-0.04573004523608531f,-0.32371126733794703f,-0.9937974004485892f,0.10875527554077685f,-0.02321673757606881f,0.9704694159568068f,0.028030862675790854f,0.042947929852571565f,-0.9986840071108727f,0.044839252128247076f,0f,0f,0f,1f], start_interpolation: 0, interpolation_duration: 1 }
$data merge entity $(bone_body) { transformation: [-0.9988294219356628f,0.021664884627017558f,-0.04324833695955923f,-7.654042494670958e-18f,0.021702652869270256f,0.9997643881042514f,-0.00040390217594927266f,-0.005499999999999998f,0.043229396642857666f,-0.0013420330211285137f,-0.999064271312544f,0.0625f,0f,0f,0f,1f], start_interpolation: 0, interpolation_duration: 1 }