# This file was generated by Animated Java via MC-Build. It is not recommended to edit this file directly.
$data merge entity $(bone_head) { transformation: [-0.9988294219356628f,0.02166488462701755f,-0.043248336959559215f,0.021664884627017544f,0.02170265286927025f,0.9997643881042514f,-0.0004039021759492734f,0.9942643881042514f,0.04322939664285765f,-0.0013420330211285137f,-0.999064271312544f,0.061157966978871485f,0f,0f,0f,1f], start_interpolation: 0, interpolation_duration: 1 }
$data merge entity $(bone_left_wing) { transformation: [-0.06442636709066805f,0.9969167935415604f,-0.044790065620763514f,0.36298396024282115f,0.9975799881800392f,0.06551514009499158f,0.023279467370331448f,0.9555488421091836f,0.026142119390194393f,-0.04318186162206824f,-0.998725145583429f,0.015119041936282433f,0f,0f,0f,1f], start_interpolation: 0, interpolation_duration: 1 }
$data merge entity $(bone_right_wing) { transformation: [-0.10757909407365658f,-0.9931403553191402f,-0.045814551780662884f,-0.32371126733794703f,-0.9937788595553273f,0.10875527554077684f,-0.023997256988300495f,0.9704694159568068f,0.028815218534728654f,0.04294792985257156f,-0.9986616837058356f,0.04483925212824707f,0f,0f,0f,1f], start_interpolation: 0, interpolation_duration: 1 }
$data merge entity $(bone_body) { transformation: [-0.9988294219356628f,0.02166488462701755f,-0.043248336959559215f,-7.654042494670958e-18f,0.02170265286927025f,0.9997643881042514f,-0.0004039021759492734f,-0.005499999999999998f,0.04322939664285765f,-0.0013420330211285137f,-0.999064271312544f,0.0625f,0f,0f,0f,1f], start_interpolation: 0, interpolation_duration: 1 }