# This file was generated by Animated Java via MC-Build. It is not recommended to edit this file directly.
$data merge entity $(bone_head) { transformation: [-0.9973672552872903f,-0.03242093313379004f,0.06486479149300875f,-0.03242093313379005f,-0.03251271948014595f,0.9994712570642365f,-0.000359686586159856f,0.9893462570642364f,-0.06481883331796803f,-0.0024676703931522615f,-0.9978939971009587f,0.06003232960684774f,0f,0f,0f,1f], start_interpolation: 0, interpolation_duration: 1 }
$data merge entity $(bone_left_wing) { transformation: [-0.11683927921457707f,0.9907463012596672f,0.06906771585123253f,0.31346423976580345f,0.9921922536508831f,0.11949865853103514f,-0.03570157425750427f,0.9692777873964618f,-0.043624702036794694f,0.06435710644188074f,-0.9969729425729814f,0.051206730850280296f,0f,0f,0f,1f], start_interpolation: 0, interpolation_duration: 1 }
$data merge entity $(bone_right_wing) { transformation: [-0.05228509498435983f,-0.9963976422753625f,0.06676831067636035f,-0.3722257482442087f,-0.9978816098952239f,0.054720660997703924f,0.03518439843013178f,0.9469252927538614f,-0.038711257734570764f,-0.06478724973382392f,-0.9971479583274163f,0.006643782944177279f,0f,0f,0f,1f], start_interpolation: 0, interpolation_duration: 1 }
$data merge entity $(bone_body) { transformation: [-0.9973672552872903f,-0.03242093313379004f,0.06486479149300875f,-7.654042494670958e-18f,-0.03251271948014595f,0.9994712570642365f,-0.000359686586159856f,-0.010125000000000002f,-0.06481883331796803f,-0.0024676703931522615f,-0.9978939971009587f,0.0625f,0f,0f,0f,1f], start_interpolation: 0, interpolation_duration: 1 }