# This file was generated by Animated Java via MC-Build. It is not recommended to edit this file directly.
$data merge entity $(bone_head) { transformation: [-0.9952465379987381f,-0.043453449378999504f,0.08715575906727645f,-0.04345344937899951f,-0.04361943231715576f,0.9990482196192176f,2.564699950070165e-8f,0.9834232196192176f,-0.0870728070401746f,-0.003801659208597935f,-0.9961946966639635f,0.058698340791402064f,0f,0f,0f,1f], start_interpolation: 0, interpolation_duration: 1 }
$data merge entity $(bone_left_wing) { transformation: [-0.12610410698892638f,0.9876721067929334f,0.09274461528161014f,0.30274408582201284f,0.9905012208032922f,0.13052623682976083f,-0.043246191580871014f,0.9671971434166081f,-0.05481866276838219f,0.08641013228938872f,-0.9947503220658022f,0.05761733579098191f,0f,0f,0f,1f], start_interpolation: 0, interpolation_duration: 1 }
$data merge entity $(bone_right_wing) { transformation: [-0.03961031656946357f,-0.9952465421040823f,0.08896821483616517f,-0.3814879090521196f,-0.998097349887936f,0.043619342413516206f,0.04357789708202737f,0.9372087836985635f,-0.04725148640991328f,-0.08707280515338638f,-0.9950807121207679f,-0.0022452190491381308f,0f,0f,0f,1f], start_interpolation: 0, interpolation_duration: 1 }
$data merge entity $(bone_body) { transformation: [-0.9952465379987381f,-0.043453449378999504f,0.08715575906727645f,-7.654042494670958e-18f,-0.04361943231715576f,0.9990482196192176f,2.564699950070165e-8f,-0.015625f,-0.0870728070401746f,-0.003801659208597935f,-0.9961946966639635f,0.0625f,0f,0f,0f,1f], start_interpolation: 0, interpolation_duration: 1 }
execute on vehicle unless entity @s[tag=aj.transforms_only] positioned ^0.0054472349 ^-0.0156249984 ^0.0002378315 rotated ~5.0000009386 ~0.0000014695 run function animated_java:tux/animations/animation_model_walk/zzz/frames/zzz/0