# This file was generated by Animated Java via MC-Build. It is not recommended to edit this file directly.
$data merge entity $(bone_head) { transformation: [-0.9959056534551972f,-0.04035861616398878f,0.08088950189798777f,-0.04035861616398879f,-0.04050204236147591f,0.9991794468580673f,-0.00013244227412705567f,0.9851794468580672f,-0.08081778257615063f,-0.0034080900420305846f,-0.9967230663237103f,0.05909190995796942f,0f,0f,0f,1f], start_interpolation: 0, interpolation_duration: 1 }
$data merge entity $(bone_left_wing) { transformation: [-0.12370035197819353f,0.9885984466036225f,0.08585647496476609f,0.305772955900672f,0.9910637047400982f,0.12743214669149908f,-0.03941803060057197f,0.9678735273844435f,-0.0499094787320246f,0.08021321189492862f,-0.9955274403903676f,0.0558319297097187f,0f,0f,0f,1f], start_interpolation: 0, interpolation_duration: 1 }
$data merge entity $(bone_right_wing) { transformation: [-0.04335337320089623f,-0.9956334169397026f,0.08267154350244008f,-0.37891218084977607f,-0.9981286274551276f,0.04673630696671993f,0.03943298956020549f,0.9400283732609288f,-0.0431245647705176f,-0.08080728113285678f,-0.9957963924564444f,0.0002697041886151469f,0f,0f,0f,1f], start_interpolation: 0, interpolation_duration: 1 }
$data merge entity $(bone_body) { transformation: [-0.9959056534551972f,-0.04035861616398878f,0.08088950189798777f,-7.654042494670958e-18f,-0.04050204236147591f,0.9991794468580673f,-0.00013244227412705567f,-0.014f,-0.08081778257615063f,-0.0034080900420305846f,-0.9967230663237103f,0.0625f,0f,0f,0f,1f], start_interpolation: 0, interpolation_duration: 1 }