# This file was generated by Animated Java via MC-Build. It is not recommended to edit this file directly.
$data merge entity $(bone_head) { transformation: [-0.9997438337957705f,-0.010153336459411143f,0.020228112766068593f,-0.01015333645941115f,-0.010159285316444527f,0.999948374821791f,-0.00019134554592817966f,0.998323374821791f,-0.020225125690434397f,-0.00039679969866968773f,-0.9997953724841925f,0.06210320030133031f,0f,0f,0f,1f], start_interpolation: 0, interpolation_duration: 1 }
$data merge entity $(bone_left_wing) { transformation: [-0.09700120103551058f,0.9950545850967748f,0.021380824950257397f,0.3344580266961812f,0.9951854656787891f,0.09727186948555054f,-0.012003012475093519f,0.9705612628878275f,-0.014023405412370432f,0.020113579608590292f,-0.9996993488124164f,0.03782438185786955f,0f,0f,0f,1f], start_interpolation: 0, interpolation_duration: 1 }
$data merge entity $(bone_right_wing) { transformation: [-0.07677322582819482f,-0.9968244282577484f,0.02114074323540928f,-0.35286585903841106f,-0.9969607628392747f,0.07703061714826383f,0.011641365069815073f,0.963576754232772f,-0.013232881578254694f,-0.020182746353509497f,-0.9997087313786781f,0.0239196079456959f,0f,0f,0f,1f], start_interpolation: 0, interpolation_duration: 1 }
$data merge entity $(bone_body) { transformation: [-0.9997438337957705f,-0.010153336459411143f,0.020228112766068593f,-7.654042494670958e-18f,-0.010159285316444527f,0.999948374821791f,-0.00019134554592817966f,-0.001625000000000005f,-0.020225125690434397f,-0.00039679969866968773f,-0.9997953724841925f,0.0625f,0f,0f,0f,1f], start_interpolation: 0, interpolation_duration: 1 }