# This file was generated by Animated Java via MC-Build. It is not recommended to edit this file directly.
$data merge entity $(bone_head) { transformation: [-1f,-2.12657684957577e-17f,1.2060416625018979e-16f,-1.2594583963253793e-16f,0f,0.9848077530122081f,0.17364817766693016f,0.25881904510252074f,-1.2246467991473532e-16f,0.17364817766693016f,-0.9848077530122081f,1.0284258262890682f,0f,0f,0f,1f], start_interpolation: 0, interpolation_duration: 1 }
$data merge entity $(bone_left_wing) { transformation: [-0.3420201433256689f,0.8137976813493737f,-0.4698463103929541f,0.3437499999999999f,0.24321034680169398f,0.5596246310178332f,0.7922556402871195f,0.28091613201460036f,0.9076733711903687f,0.15669590354740356f,-0.3893269128166895f,0.9901525490580811f,0f,0f,0f,1f], start_interpolation: 0, interpolation_duration: 1 }
$data merge entity $(bone_right_wing) { transformation: [-0.34202014332566866f,-0.8137976813493737f,0.4698463103929541f,-0.3437500000000001f,-0.24321034680169398f,0.5596246310178332f,0.7922556402871195f,0.28091613201460036f,-0.9076733711903687f,0.15669590354740334f,-0.3893269128166894f,0.9901525490580811f,0f,0f,0f,1f], start_interpolation: 0, interpolation_duration: 1 }
$data merge entity $(bone_body) { transformation: [-1f,-1.1829179713786698e-16f,3.169619151431765e-17f,-7.654042494670958e-18f,0f,0.25881904510252074f,0.9659258262890683f,0f,-1.2246467991473532e-16f,0.9659258262890683f,-0.25881904510252074f,0.0625f,0f,0f,0f,1f], start_interpolation: 0, interpolation_duration: 1 }