# This file was generated by Animated Java via MC-Build. It is not recommended to edit this file directly.
$data merge entity $(bone_head) { transformation: [-1f,-2.1917985384358054e-17f,1.2048734266847138e-16f,-1.2619112998161518e-16f,0f,0.9838538160746375f,0.1789739327258946f,0.24947477680807575f,-1.2246467991473532e-16f,0.1789739327258946f,-0.9838538160746375f,1.0304287739899731f,0f,0f,0f,1f], start_interpolation: 0, interpolation_duration: 1 }
$data merge entity $(bone_left_wing) { transformation: [-0.39212509014541286f,0.6916132119858865f,-0.6065550912200943f,0.3437499999999999f,0.13871628498238442f,0.6962778118738109f,0.704240726579274f,0.27187177672001f,0.9093930426164133f,0.19201138950276603f,-0.3689660151586853f,0.992330225527534f,0f,0f,0f,1f], start_interpolation: 0, interpolation_duration: 1 }
$data merge entity $(bone_right_wing) { transformation: [-0.36973900072519805f,-0.7410323054396021f,0.5605035179529211f,-0.3437500000000001f,-0.15748400395578044f,0.644505817568719f,0.748205212236678f,0.27187177672001f,-0.915692011454063f,0.18837030927124737f,-0.3549996714706465f,0.992330225527534f,0f,0f,0f,1f], start_interpolation: 0, interpolation_duration: 1 }
$data merge entity $(bone_body) { transformation: [-1f,-1.1853708748694423e-16f,3.076616187845182e-17f,-7.654042494670958e-18f,0f,0.25122477680807576f,0.967928773989973f,-0.001750000000000003f,-1.2246467991473532e-16f,0.967928773989973f,-0.25122477680807576f,0.0625f,0f,0f,0f,1f], start_interpolation: 0, interpolation_duration: 1 }