# This file was generated by Animated Java via MC-Build. It is not recommended to edit this file directly.
$data merge entity $(bone_head) { transformation: [-1f,-1.0673500138322995e-17f,1.2199866483456202e-16f,-1.2594583963253793e-16f,0f,0.9961946980917455f,0.08715574274765833f,0.19631904510252074f,-1.2246467991473532e-16f,0.08715574274765833f,-0.9961946980917455f,1.0284258262890682f,0f,0f,0f,1f], start_interpolation: 0, interpolation_duration: 1 }
$data merge entity $(bone_left_wing) { transformation: [-0.8751959643708549f,0.43452136869117325f,-0.21265748070481466f,0.3437499999999999f,0.23728572647072999f,0.7686524885634644f,0.5940276389516327f,0.21841613201460036f,0.42157740447304215f,0.469430007536739f,-0.7758272746312997f,0.9901525490580811f,0f,0f,0f,1f], start_interpolation: 0, interpolation_duration: 1 }
$data merge entity $(bone_right_wing) { transformation: [-0.8691669727002468f,-0.46251856516608225f,0.17500100126512622f,-0.3437500000000001f,-0.26247854584245994f,0.7313989147395651f,0.6294129332085687f,0.21841613201460036f,-0.4191107091682529f,0.5011309254022294f,-0.7571089809703682f,0.9901525490580811f,0f,0f,0f,1f], start_interpolation: 0, interpolation_duration: 1 }
$data merge entity $(bone_body) { transformation: [-1f,-1.1829179713786698e-16f,3.169619151431765e-17f,-7.654042494670958e-18f,0f,0.25881904510252074f,0.9659258262890683f,-0.0625f,-1.2246467991473532e-16f,0.9659258262890683f,-0.25881904510252074f,0.0625f,0f,0f,0f,1f], start_interpolation: 0, interpolation_duration: 1 }