# This file was generated by Animated Java via MC-Build. It is not recommended to edit this file directly.
$data merge entity $(bone_head) { transformation: [-1f,-7.390951031288009e-18f,1.2224144824678607e-16f,-1.2496574475028698e-16f,0f,0.9981771750997538f,0.060351695169855335f,0.22627615922580377f,-1.2246467991473532e-16f,0.060351695169855335f,-0.9981771750997538f,1.0204227442336273f,0f,0f,0f,1f], start_interpolation: 0, interpolation_duration: 1 }
$data merge entity $(bone_left_wing) { transformation: [-0.7951378545654881f,0.5934038854711087f,-0.12501048333953418f,0.3437499999999999f,0.37414928446044826f,0.6422716896661378f,0.6689539517718233f,0.24724167750729828f,0.47725056854311576f,0.48513802712341103f,-0.732716172514349f,0.9815180910005201f,0f,0f,0f,1f], start_interpolation: 0, interpolation_duration: 1 }
$data merge entity $(bone_right_wing) { transformation: [-0.7968761209304007f,-0.5893371557312058f,0.132929171988581f,-0.3437500000000001f,-0.37686011803570374f,0.6568765901822495f,0.6530617097217202f,0.24724167750729828f,-0.4721915917559658f,0.4703135785252148f,-0.7455469391861078f,0.9815180910005201f,0f,0f,0f,1f], start_interpolation: 0, interpolation_duration: 1 }
$data merge entity $(bone_body) { transformation: [-1f,-1.1731170225561604e-16f,3.515056671674391e-17f,-7.654042494670958e-18f,0f,0.28702615922580377f,0.9579227442336273f,-0.06075f,-1.2246467991473532e-16f,0.9579227442336273f,-0.28702615922580377f,0.0625f,0f,0f,0f,1f], start_interpolation: 0, interpolation_duration: 1 }