# This file was generated by Animated Java via MC-Build. It is not recommended to edit this file directly.
$data merge entity $(bone_head) { transformation: [-1f,-2.7356596410673524e-18f,1.224341210322793e-16f,-1.232786472741228e-16f,0f,0.9997504677881222f,0.022338356193573716f,0.2735258656237703f,-1.2246467991473532e-16f,0.022338356193573716f,-0.9997504677881222f,1.0066465478859228f,0f,0f,0f,1f], start_interpolation: 0, interpolation_duration: 1 }
$data merge entity $(bone_left_wing) { transformation: [-0.6283044736401423f,0.7778407783608927f,-0.014043216252129506f,0.3437499999999999f,0.5461404892649546f,0.45385920512356503f,0.7040897584186561f,0.29273276194446257f,0.5540433686898703f,0.43471317606385723f,-0.709972112246146f,0.9668442849637449f,0f,0f,0f,1f], start_interpolation: 0, interpolation_duration: 1 }
$data merge entity $(bone_right_wing) { transformation: [-0.6394968832449122f,-0.7600707731339116f,0.1154822763356392f,-0.3437500000000001f,-0.52492589021898f,0.5414359498296802f,0.6567342856969195f,0.29273276194446257f,-0.5616907922494853f,0.3593598921132541f,-0.7452274296095762f,0.9668442849637449f,0f,0f,0f,1f], start_interpolation: 0, interpolation_duration: 1 }
$data merge entity $(bone_body) { transformation: [-1f,-1.1562460477945185e-16f,4.035527965724111e-17f,-7.654042494670958e-18f,0f,0.3295258656237703f,0.9441465478859227f,-0.056f,-1.2246467991473532e-16f,0.9441465478859227f,-0.3295258656237703f,0.0625f,0f,0f,0f,1f], start_interpolation: 0, interpolation_duration: 1 }