# This file was generated by Animated Java via MC-Build. It is not recommended to edit this file directly.
$data merge entity $(bone_head) { transformation: [-1f,1.8808485066931476e-18f,1.2245023575115504e-16f,-1.2123331633627286e-16f,0f,0.999882054453657f,-0.015358293574952941f,0.3249592057378006f,-1.2246467991473532e-16f,-0.015358293574952941f,-0.999882054453657f,0.9899451533346613f,0f,0f,0f,1f], start_interpolation: 0, interpolation_duration: 1 }
$data merge entity $(bone_left_wing) { transformation: [-0.40853894704774973f,0.907442754320603f,0.09820171269460436f,0.3437499999999999f,0.7014280070935457f,0.24329052023447656f,0.6699316932559727f,0.3422556416002025f,0.5840331151654783f,0.3425746201852603f,-0.7358994156778709f,0.9492762671136468f,0f,0f,0f,1f], start_interpolation: 0, interpolation_duration: 1 }
$data merge entity $(bone_right_wing) { transformation: [-0.4252705821953078f,-0.8978304980562926f,0.11421614894249231f,-0.3437500000000001f,-0.662871981143805f,0.3949024892870827f,0.6361232275034081f,0.3422556416002025f,-0.6162350757087357f,0.19481381038020684f,-0.7630870925073977f,0.9492762671136468f,0f,0f,0f,1f], start_interpolation: 0, interpolation_duration: 1 }
$data merge entity $(bone_body) { transformation: [-1f,-1.135792738416019e-16f,4.57967944318484e-17f,-7.654042494670958e-18f,0f,0.3739592057378006f,0.9274451533346613f,-0.048999999999999995f,-1.2246467991473532e-16f,0.9274451533346613f,-0.3739592057378006f,0.0625f,0f,0f,0f,1f], start_interpolation: 0, interpolation_duration: 1 }