# This file was generated by Animated Java via MC-Build. It is not recommended to edit this file directly.
$data merge entity $(bone_head) { transformation: [-1f,5.0428658070310956e-18f,1.2236080798634363e-16f,-1.1942652560691259e-16f,0f,0.9991518213376785f,-0.041178124260334736f,0.3681490747363493f,-1.2246467991473532e-16f,-0.041178124260334736f,-0.9991518213376785f,0.9751915874035028f,0f,0f,0f,1f], start_interpolation: 0, interpolation_duration: 1 }
$data merge entity $(bone_left_wing) { transformation: [-0.20520314906434306f,0.9649681262298001f,0.16348756214044272f,0.3437499999999999f,0.7997157874748138f,0.0690183069756754f,0.5963984679438318f,0.38390040325719776f,0.5642218773475689f,0.2531264282187058f,-0.7858630188904585f,0.9338996917116323f,0f,0f,0f,1f], start_interpolation: 0, interpolation_duration: 1 }
$data merge entity $(bone_right_wing) { transformation: [-0.21955164226264304f,-0.96666109398836f,0.13177027642455505f,-0.3437500000000001f,-0.7523501710060867f,0.2537467749473982f,0.6079323929442373f,0.38390040325719776f,-0.621100874711096f,0.034335165254032365f,-0.7829781605256241f,0.9338996917116323f,0f,0f,0f,1f], start_interpolation: 0, interpolation_duration: 1 }
$data merge entity $(bone_body) { transformation: [-1f,-1.1177248311224164e-16f,5.0045078135039765e-17f,-7.654042494670958e-18f,0f,0.40864907473634926f,0.9126915874035028f,-0.04050000000000001f,-1.2246467991473532e-16f,0.9126915874035028f,-0.40864907473634926f,0.0625f,0f,0f,0f,1f], start_interpolation: 0, interpolation_duration: 1 }