# This file was generated by Animated Java via MC-Build. It is not recommended to edit this file directly.
$data merge entity $(bone_head) { transformation: [-1f,5.341834311772682e-18f,1.2234812067540777e-16f,-1.1864473553834642e-16f,0f,0.9990482215818577f,-0.043619387365335716f,0.3913682617406993f,-1.2246467991473532e-16f,-0.043619387365335716f,-0.9990482215818577f,0.96880778703665f,0f,0f,0f,1f], start_interpolation: 0, interpolation_duration: 1 }
$data merge entity $(bone_left_wing) { transformation: [-0.08484169891319844f,0.9821741297067814f,0.16773748853565357f,0.3437499999999999f,0.8295029027843417f,-0.023642830320410882f,0.5580017480678634f,0.40648355940619774f,0.5520206702632368f,0.186480549948692f,-0.8127103937399596f,0.9272788480123579f,0f,0f,0f,1f], start_interpolation: 0, interpolation_duration: 1 }
$data merge entity $(bone_right_wing) { transformation: [-0.09448248077308967f,-0.9829117747446288f,0.15797944136920847f,-0.3437500000000001f,-0.7784512022694534f,0.17186207718933638f,0.6037194316148926f,0.40648355940619774f,-0.6205536129233359f,-0.06593837647782227f,-0.7813868081784232f,0.9272788480123579f,0f,0f,0f,1f], start_interpolation: 0, interpolation_duration: 1 }
$data merge entity $(bone_body) { transformation: [-1f,-1.1099069304367546e-16f,5.175581015019657e-17f,-7.654042494670958e-18f,0f,0.4226182617406993f,0.90630778703665f,-0.03125f,-1.2246467991473532e-16f,0.90630778703665f,-0.4226182617406993f,0.0625f,0f,0f,0f,1f], start_interpolation: 0, interpolation_duration: 1 }