# This file was generated by Animated Java via MC-Build. It is not recommended to edit this file directly.
$data merge entity $(bone_head) { transformation: [-1f,1.8808485066931907e-18f,1.2245023575115506e-16f,-1.1942652560691259e-16f,0f,0.999882054453657f,-0.015358293574953275f,0.38664907473634924f,-1.2246467991473532e-16f,-0.015358293574953275f,-0.999882054453657f,0.9751915874035028f,0f,0f,0f,1f], start_interpolation: 0, interpolation_duration: 1 }
$data merge entity $(bone_left_wing) { transformation: [-0.06130969248178438f,0.9915078222648374f,0.11468809875234921f,0.3437499999999999f,0.7922160970928763f,-0.021556195687132254f,0.6098598084268452f,0.40240040325719784f,0.6071530096398429f,0.1282480752882384f,-0.7841668534630517f,0.9338996917116323f,0f,0f,0f,1f], start_interpolation: 0, interpolation_duration: 1 }
$data merge entity $(bone_right_wing) { transformation: [-0.07148605844686765f,-0.9796134209779064f,0.18774261340381432f,-0.3437500000000001f,-0.7400560160214327f,0.17828635521383662f,0.6484836687959464f,0.40240040325719784f,-0.668735251499587f,-0.09258250906369267f,-0.7377137943791314f,0.9338996917116323f,0f,0f,0f,1f], start_interpolation: 0, interpolation_duration: 1 }
$data merge entity $(bone_body) { transformation: [-1f,-1.1177248311224164e-16f,5.0045078135039765e-17f,-7.654042494670958e-18f,0f,0.40864907473634926f,0.9126915874035028f,-0.021999999999999992f,-1.2246467991473532e-16f,0.9126915874035028f,-0.40864907473634926f,0.0625f,0f,0f,0f,1f], start_interpolation: 0, interpolation_duration: 1 }