# This file was generated by Animated Java via MC-Build. It is not recommended to edit this file directly.
$data merge entity $(bone_head) { transformation: [-1f,-4.188510265127026e-18f,1.2239303169861225e-16f,-1.2123331633627286e-16f,0f,0.9994149479166323f,0.03420178183655259f,0.3604592057378006f,-1.2246467991473532e-16f,0.03420178183655259f,-0.9994149479166323f,0.9899451533346613f,0f,0f,0f,1f], start_interpolation: 0, interpolation_duration: 1 }
$data merge entity $(bone_left_wing) { transformation: [-0.09982116252193905f,0.994973343997062f,0.007986253694479558f,0.3437499999999999f,0.6944198302954301f,0.06391511951916616f,0.7167258588814253f,0.3777556416002025f,0.7126126821810251f,0.0770902213782958f,-0.6973093022200483f,0.9492762671136468f,0f,0f,0f,1f], start_interpolation: 0, interpolation_duration: 1 }
$data merge entity $(bone_right_wing) { transformation: [-0.1134000559900057f,-0.9659355810041282f,0.23261315666075494f,-0.3437500000000001f,-0.6459099948871263f,0.24957045616376577f,0.7214671620490585f,0.3777556416002025f,-0.754944173966775f,-0.0684327462581128f,-0.6522087498900921f,0.9492762671136468f,0f,0f,0f,1f], start_interpolation: 0, interpolation_duration: 1 }
$data merge entity $(bone_body) { transformation: [-1f,-1.135792738416019e-16f,4.57967944318484e-17f,-7.654042494670958e-18f,0f,0.3739592057378006f,0.9274451533346613f,-0.013500000000000005f,-1.2246467991473532e-16f,0.9274451533346613f,-0.3739592057378006f,0.0625f,0f,0f,0f,1f], start_interpolation: 0, interpolation_duration: 1 }