# This file was generated by Animated Java via MC-Build. It is not recommended to edit this file directly.
$data merge entity $(bone_head) { transformation: [-1f,-1.1184431817886354e-17f,1.2195288562198775e-16f,-1.232786472741228e-16f,0f,0.9958208824527701f,0.09132781652369804f,0.3230258656237703f,-1.2246467991473532e-16f,0.09132781652369804f,-0.9958208824527701f,1.0066465478859228f,0f,0f,0f,1f], start_interpolation: 0, interpolation_duration: 1 }
$data merge entity $(bone_left_wing) { transformation: [-0.1792676809688285f,0.9731035236805402f,-0.14468113477774044f,0.3437499999999999f,0.5473470486928365f,0.220854076530192f,0.807238926939997f,0.34223276194446256f,0.8174804626700873f,0.06552105829817209f,-0.5722173398912231f,0.9668442849637449f,0f,0f,0f,1f], start_interpolation: 0, interpolation_duration: 1 }
$data merge entity $(bone_right_wing) { transformation: [-0.19402018930071407f,-0.9339774449859578f,0.3000704890541847f,-0.3437500000000001f,-0.5105010881460965f,0.3573290616547006f,0.7821154522822207f,0.34223276194446256f,-0.8377020980905843f,-0.0014401230758824407f,-0.546125554154134f,0.9668442849637449f,0f,0f,0f,1f], start_interpolation: 0, interpolation_duration: 1 }
$data merge entity $(bone_body) { transformation: [-1f,-1.1562460477945185e-16f,4.035527965724111e-17f,-7.654042494670958e-18f,0f,0.3295258656237703f,0.9441465478859227f,-0.00650000000000002f,-1.2246467991473532e-16f,0.9441465478859227f,-0.3295258656237703f,0.0625f,0f,0f,0f,1f], start_interpolation: 0, interpolation_duration: 1 }