# This file was generated by Animated Java via MC-Build. It is not recommended to edit this file directly.
$data merge entity $(bone_head) { transformation: [-1f,-1.742469446000627e-17f,1.2121871905606823e-16f,-1.2496574475028698e-16f,0f,0.9898259574961976f,0.14228342794132992f,0.2852761592258038f,-1.2246467991473532e-16f,0.14228342794132992f,-0.9898259574961976f,1.0204227442336273f,0f,0f,0f,1f], start_interpolation: 0, interpolation_duration: 1 }
$data merge entity $(bone_left_wing) { transformation: [-0.2706480960609633f,0.9084575125876101f,-0.31851931797256533f,0.3437499999999999f,0.38110591184930986f,0.4049462854230481f,0.8311298273287882f,0.3062416775072983f,0.8840293502209539f,0.10355411022845894f,-0.45581646986776436f,0.9815180910005201f,0f,0f,0f,1f], start_interpolation: 0, interpolation_duration: 1 }
$data merge entity $(bone_right_wing) { transformation: [-0.28125288092773626f,-0.878840221225804f,0.3854045699335033f,-0.3437500000000001f,-0.3624886605248088f,0.4691568100655016f,0.8052911638408139f,0.3062416775072983f,-0.8885374431957149f,0.08678567350054293f,-0.4505213190452574f,0.9815180910005201f,0f,0f,0f,1f], start_interpolation: 0, interpolation_duration: 1 }
$data merge entity $(bone_body) { transformation: [-1f,-1.1731170225561604e-16f,3.515056671674391e-17f,-7.654042494670958e-18f,0f,0.28702615922580377f,0.9579227442336273f,-0.0017499999999999877f,-1.2246467991473532e-16f,0.9579227442336273f,-0.28702615922580377f,0.0625f,0f,0f,0f,1f], start_interpolation: 0, interpolation_duration: 1 }