# This file was generated by Animated Java via MC-Build. It is not recommended to edit this file directly.
$data merge entity $(bone_head) { transformation: [-1f,-2.185489535767439e-17f,1.2049880238211367e-16f,-1.2637685696440771e-16f,0f,0.9839473917378432f,0.17845876356260942f,0.23880738587880274f,-1.2246467991473532e-16f,0.17845876356260942f,-0.9839473917378432f,1.031945349895139f,0f,0f,0f,1f], start_interpolation: 0, interpolation_duration: 1 }
$data merge entity $(bone_left_wing) { transformation: [-0.4376364337952373f,0.5210596990932905f,-0.7327831478655855f,0.3437499999999999f,0.03235796735450111f,0.823570213718842f,0.5662906188731949f,0.26143669725431323f,0.8985695931666463f,0.22411803375879957f,-0.3772847640449023f,0.9939843269022032f,0f,0f,0f,1f], start_interpolation: 0, interpolation_duration: 1 }
$data merge entity $(bone_right_wing) { transformation: [-0.3843740834873398f,-0.64668780460414f,0.6588258095426628f,-0.3437500000000001f,-0.07254117423502388f,0.7326010786800694f,0.6767816764344338f,0.26143669725431323f,-0.9203229552629181f,0.21234533875994588f,-0.3285043608889421f,0.9939843269022032f,0f,0f,0f,1f], start_interpolation: 0, interpolation_duration: 1 }
$data merge entity $(bone_body) { transformation: [-1f,-1.1872281446973677e-16f,3.004149049236804e-17f,-7.654042494670958e-18f,0f,0.24530738587880274f,0.9694453498951389f,-0.006499999999999997f,-1.2246467991473532e-16f,0.9694453498951389f,-0.24530738587880274f,0.0625f,0f,0f,0f,1f], start_interpolation: 0, interpolation_duration: 1 }