# This file was generated by Animated Java via MC-Build. It is not recommended to edit this file directly.
$data merge entity $(bone_head) { transformation: [-1f,-2.1202617389796956e-17f,1.2061528444786946e-16f,-1.2650680712317457e-16f,0f,0.9848985399859495f,0.17313250975349825f,0.22757506083303863f,-1.2246467991473532e-16f,0.17313250975349825f,-0.9848985399859495f,1.0330064734685425f,0f,0f,0f,1f], start_interpolation: 0, interpolation_duration: 1 }
$data merge entity $(bone_left_wing) { transformation: [-0.4799319578268475f,0.33111419068313386f,-0.8124215091839594f,0.3437499999999999f,-0.060550601084664785f,0.911331391971731f,0.4071961673630451f,0.25036979247789815f,0.8752136542380808f,0.24461906453733415f,-0.4173278959045329f,0.995144550521618f,0f,0f,0f,1f], start_interpolation: 0, interpolation_duration: 1 }
$data merge entity $(bone_right_wing) { transformation: [-0.3976125843644387f,-0.542789514828238f,0.7397863038388572f,-0.3437500000000001f,-0.00007541137189720493f,0.8062790056984414f,0.5915354252139579f,0.25036979247789815f,-0.9175533919441183f,0.23514614086235563f,-0.3206276116765119f,0.995144550521618f,0f,0f,0f,1f], start_interpolation: 0, interpolation_duration: 1 }
$data merge entity $(bone_body) { transformation: [-1f,-1.1885276462850363e-16f,2.952318016034342e-17f,-7.654042494670958e-18f,0f,0.24107506083303865f,0.9705064734685425f,-0.013500000000000003f,-1.2246467991473532e-16f,0.9705064734685425f,-0.24107506083303865f,0.0625f,0f,0f,0f,1f], start_interpolation: 0, interpolation_duration: 1 }