# This file was generated by Animated Java via MC-Build. It is not recommended to edit this file directly.
$data merge entity $(bone_head) { transformation: [-1f,-2.008600524897453e-17f,1.2080625074786794e-16f,-1.2658369123803148e-16f,0f,0.9864578981627843f,0.1640146796852708f,0.21653345757858092f,-1.2246467991473532e-16f,0.1640146796852708f,-0.9864578981627843f,1.033634279909636f,0f,0f,0f,1f], start_interpolation: 0, interpolation_duration: 1 }
$data merge entity $(bone_left_wing) { transformation: [-0.5232717315777226f,0.16778553773183355f,-0.8354847145577777f,0.3437499999999999f,-0.12536659937885583f,0.9546002455814916f,0.27022506711246663f,0.23942723327642637f,0.8428937718905231f,0.24614301628076946f,-0.4784806211795535f,0.9958321631131293f,0f,0f,0f,1f], start_interpolation: 0, interpolation_duration: 1 }
$data merge entity $(bone_right_wing) { transformation: [-0.42179095528420285f,-0.449016713350935f,0.787703231662765f,-0.3437500000000001f,0.048512684870524125f,0.8563443481524198f,0.514121461129625f,0.23942723327642637f,-0.9053943391954097f,0.25506538087112374f,-0.33941529434304485f,0.9958321631131293f,0f,0f,0f,1f], start_interpolation: 0, interpolation_duration: 1 }
$data merge entity $(bone_body) { transformation: [-1f,-1.1892964874336053e-16f,2.921192353131601e-17f,-7.654042494670958e-18f,0f,0.2385334575785809f,0.971134279909636f,-0.021999999999999992f,-1.2246467991473532e-16f,0.971134279909636f,-0.2385334575785809f,0.0625f,0f,0f,0f,1f], start_interpolation: 0, interpolation_duration: 1 }