# This file was generated by Animated Java via MC-Build. It is not recommended to edit this file directly.
$data merge entity $(bone_head) { transformation: [-1f,-1.8629741797293824e-17f,1.210393760194786e-16f,-1.2660913816206848e-16f,0f,0.9883615104677604f,0.15212338618991672f,0.2064358923261731f,-1.2246467991473532e-16f,0.15212338618991672f,-0.9883615104677604f,1.0338420698132613f,0f,0f,0f,1f], start_interpolation: 0, interpolation_duration: 1 }
$data merge entity $(bone_left_wing) { transformation: [-0.5741749783183622f,0.07810189432788137f,-0.8149988885731714f,0.3437499999999999f,-0.14863957024441243f,0.968953542644646f,0.19757355681858435f,0.2293626478726446f,0.8051269293910523f,0.23458287724978233f,-0.544739847331319f,0.996059945996404f,0f,0f,0f,1f], start_interpolation: 0, interpolation_duration: 1 }
$data merge entity $(bone_right_wing) { transformation: [-0.46913826326036867f,-0.3884878571083409f,0.7930866754803125f,-0.3437500000000001f,0.06264307618797851f,0.881145056067709f,0.4686781786824954f,0.2293626478726446f,-0.8809001844424558f,0.2695562558109223f,-0.3890427868531229f,0.996059945996404f,0f,0f,0f,1f], start_interpolation: 0, interpolation_duration: 1 }
$data merge entity $(bone_body) { transformation: [-1f,-1.1895509566739754e-16f,2.9108126723973034e-17f,-7.654042494670958e-18f,0f,0.2376858923261731f,0.9713420698132613f,-0.03125f,-1.2246467991473532e-16f,0.9713420698132613f,-0.2376858923261731f,0.0625f,0f,0f,0f,1f], start_interpolation: 0, interpolation_duration: 1 }