# This file was generated by Animated Java via MC-Build. It is not recommended to edit this file directly.
$data merge entity $(bone_head) { transformation: [-1f,-1.6959120685768766e-17f,1.2128473132337844e-16f,-1.2658369123803148e-16f,0f,0.9903649885650427f,0.1384817295695083f,0.1980334575785809f,-1.2246467991473532e-16f,0.1384817295695083f,-0.9903649885650427f,1.033634279909636f,0f,0f,0f,1f], start_interpolation: 0, interpolation_duration: 1 }
$data merge entity $(bone_left_wing) { transformation: [-0.6546602725804922f,0.07690670920141093f,-0.7520008547765389f,0.3437499999999999f,-0.12181060949926298f,0.9710775474925456f,0.20535474713110646f,0.22092723327642635f,0.7460443035894407f,0.22603927719684525f,-0.6263578388158593f,0.9958321631131293f,0f,0f,0f,1f], start_interpolation: 0, interpolation_duration: 1 }
$data merge entity $(bone_right_wing) { transformation: [-0.5656785045218953f,-0.36555386416340513f,0.739173999757212f,-0.3437500000000001f,0.03483186652823478f,0.8849828296303893f,0.46431899846285474f,0.22092723327642635f,-0.823889901986929f,0.2884020867722564f,-0.48788284018745376f,0.9958321631131293f,0f,0f,0f,1f], start_interpolation: 0, interpolation_duration: 1 }
$data merge entity $(bone_body) { transformation: [-1f,-1.1892964874336053e-16f,2.921192353131601e-17f,-7.654042494670958e-18f,0f,0.2385334575785809f,0.971134279909636f,-0.04050000000000001f,-1.2246467991473532e-16f,0.971134279909636f,-0.2385334575785809f,0.0625f,0f,0f,0f,1f], start_interpolation: 0, interpolation_duration: 1 }