# This file was generated by Animated Java via MC-Build. It is not recommended to edit this file directly.
$data merge entity $(bone_head) { transformation: [-1f,-1.5200443870428877e-17f,1.2151767086625928e-16f,-1.2650680712317457e-16f,0f,0.992267084279848f,0.1241210435613927f,0.19207506083303866f,-1.2246467991473532e-16f,0.1241210435613927f,-0.992267084279848f,1.0330064734685425f,0f,0f,0f,1f], start_interpolation: 0, interpolation_duration: 1 }
$data merge entity $(bone_left_wing) { transformation: [-0.7556756497316289f,0.13822551455207893f,-0.6401937359342823f,0.3437499999999999f,-0.05616290306671576f,0.96019893521624f,0.27361237751373313f,0.21486979247789817f,0.652533555245858f,0.24271734988750168f,-0.7178358080660152f,0.995144550521618f,0f,0f,0f,1f], start_interpolation: 0, interpolation_duration: 1 }
$data merge entity $(bone_right_wing) { transformation: [-0.6944760684141532f,-0.3670061384840432f,0.6188776007540197f,-0.3437500000000001f,-0.023872434727565617f,0.8714100505065323f,0.4899741123124577f,0.21486979247789817f,-0.7191196682473638f,0.32550118001511763f,-0.6139347559379313f,0.995144550521618f,0f,0f,0f,1f], start_interpolation: 0, interpolation_duration: 1 }
$data merge entity $(bone_body) { transformation: [-1f,-1.1885276462850363e-16f,2.952318016034342e-17f,-7.654042494670958e-18f,0f,0.24107506083303865f,0.9705064734685425f,-0.048999999999999995f,-1.2246467991473532e-16f,0.9705064734685425f,-0.24107506083303865f,0.0625f,0f,0f,0f,1f], start_interpolation: 0, interpolation_duration: 1 }