# This file was generated by Animated Java via MC-Build. It is not recommended to edit this file directly.
$data merge entity $(bone_head) { transformation: [-1f,-1.3481066542967956e-17f,1.2172041189333301e-16f,-1.2637685696440771e-16f,0f,0.993922590399775f,0.11008126222478185f,0.18930738587880275f,-1.2246467991473532e-16f,0.11008126222478185f,-0.993922590399775f,1.031945349895139f,0f,0f,0f,1f], start_interpolation: 0, interpolation_duration: 1 }
$data merge entity $(bone_left_wing) { transformation: [-0.8399647065758459f,0.23201585756749424f,-0.4905384118946992f,0.3437499999999999f,0.03341250709751799f,0.9243817358020612f,0.38000264589213967f,0.21193669725431324f,0.54161138842939f,0.3027986927857992f,-0.78420026496476f,0.9939843269022032f,0f,0f,0f,1f], start_interpolation: 0, interpolation_duration: 1 }
$data merge entity $(bone_right_wing) { transformation: [-0.8054498539196955f,-0.3832485884044325f,0.4520741668208338f,-0.3437500000000001f,-0.09862665494892645f,0.8388227658693288f,0.5353962554901879f,0.21193669725431324f,-0.5843999621443576f,0.3866482729113621f,-0.7134282005221931f,0.9939843269022032f,0f,0f,0f,1f], start_interpolation: 0, interpolation_duration: 1 }
$data merge entity $(bone_body) { transformation: [-1f,-1.1872281446973677e-16f,3.004149049236804e-17f,-7.654042494670958e-18f,0f,0.24530738587880274f,0.9694453498951389f,-0.05599999999999998f,-1.2246467991473532e-16f,0.9694453498951389f,-0.24530738587880274f,0.0625f,0f,0f,0f,1f], start_interpolation: 0, interpolation_duration: 1 }