# This file was generated by Animated Java via MC-Build. It is not recommended to edit this file directly.
$data merge entity $(bone_head) { transformation: [-1f,-1.1929186293548779e-17f,1.2188228887329112e-16f,-1.2619112998161518e-16f,0f,0.9952444162525088f,0.09740919832440129f,0.19047477680807573f,-1.2246467991473532e-16f,0.09740919832440129f,-0.9952444162525088f,1.0304287739899731f,0f,0f,0f,1f], start_interpolation: 0, interpolation_duration: 1 }
$data merge entity $(bone_left_wing) { transformation: [-0.8829532340030932f,0.331046879366987f,-0.33286866813333243f,0.3437499999999999f,0.13467824006397788f,0.8578593308631193f,0.49592251421401573f,0.21287177672001f,0.44972809364853844f,0.3930462213435726f,-0.8020344815971383f,0.992330225527534f,0f,0f,0f,1f], start_interpolation: 0, interpolation_duration: 1 }
$data merge entity $(bone_right_wing) { transformation: [-0.8666875190479385f,-0.4093913673319735f,0.2850464044337103f,-0.3437500000000001f,-0.18002460017669664f,0.7895792728446814f,0.5866478630535397f,0.21287177672001f,-0.4652353035376289f,0.45712501599466343f,-0.7580190182931619f,0.992330225527534f,0f,0f,0f,1f], start_interpolation: 0, interpolation_duration: 1 }
$data merge entity $(bone_body) { transformation: [-1f,-1.1853708748694423e-16f,3.076616187845182e-17f,-7.654042494670958e-18f,0f,0.25122477680807576f,0.967928773989973f,-0.06075000000000001f,-1.2246467991473532e-16f,0.967928773989973f,-0.25122477680807576f,0.0625f,0f,0f,0f,1f], start_interpolation: 0, interpolation_duration: 1 }