execute if entity @s[tag=aj.tux.bone.left_wing] run data modify entity @s {} merge value {transformation:[-0.9861122233285871f,-0.1660803510411478f,1.2246467991473532e-16f,0.3125f,-0.1660803510411478f,0.9861122233285871f,0f,0.9375f,-1.207639177899434e-16f,-2.0338977030381042e-17f,-1f,3.827021247335479e-17f,0f,0f,0f,1f],start_interpolation:0}
execute if entity @s[tag=aj.tux.bone.right_wing] run data modify entity @s {} merge value {transformation:[-0.9861122233285871f,0.1660803510411478f,1.2246467991473532e-16f,-0.3125f,0.1660803510411478f,0.9861122233285871f,0f,0.9375f,-1.207639177899434e-16f,2.0338977030381042e-17f,-1f,-3.827021247335479e-17f,0f,0f,0f,1f],start_interpolation:0}
execute if entity @s[tag=aj.tux.bone.head] run data modify entity @s {} merge value {transformation:[-1f,-4.8720130289004506e-18f,1.223677298786931e-16f,0f,0f,0.9992083428780468f,0.039783005453429804f,1f,-1.2246467991473532e-16f,0.039783005453429804f,-0.9992083428780468f,0f,0f,0f,0f,1f],start_interpolation:0}