execute if entity @s[tag=aj.tux.bone.left_wing] run data modify entity @s {} merge value {transformation:[-0.9886577866700419f,-0.15018582109072054f,1.2246467991473532e-16f,0.3125f,-0.15018582109072054f,0.9886577866700419f,0f,0.9375f,-1.2107565938975735e-16f,-1.8392458507606795e-17f,-1f,3.827021247335479e-17f,0f,0f,0f,1f],start_interpolation:0}
execute if entity @s[tag=aj.tux.bone.right_wing] run data modify entity @s {} merge value {transformation:[-0.9886577866700419f,0.15018582109072054f,1.2246467991473532e-16f,-0.3125f,0.15018582109072054f,0.9886577866700419f,0f,0.9375f,-1.2107565938975735e-16f,1.8392458507606795e-17f,-1f,-3.827021247335479e-17f,0f,0f,0f,1f],start_interpolation:0}
execute if entity @s[tag=aj.tux.bone.head] run data modify entity @s {} merge value {transformation:[-1f,-3.886973673626946e-18f,1.2240297897632681e-16f,0f,0f,0.999496173603267f,0.03173954871178538f,1f,-1.2246467991473532e-16f,0.03173954871178538f,-0.999496173603267f,0f,0f,0f,0f,1f],start_interpolation:0}