execute if entity @s[tag=aj.tux.bone.left_wing] run data modify entity @s {} merge value {transformation:[-0.9853504007882187f,-0.17054204075974003f,1.2246467991473532e-16f,0.3125f,-0.17054204075974003f,0.9853504007882187f,0f,0.9375f,-1.2067062143638536e-16f,-2.0885376433647308e-17f,-1f,3.827021247335479e-17f,0f,0f,0f,1f],start_interpolation:0}
execute if entity @s[tag=aj.tux.bone.right_wing] run data modify entity @s {} merge value {transformation:[-0.9853504007882187f,0.17054204075974003f,1.2246467991473532e-16f,-0.3125f,0.17054204075974003f,0.9853504007882187f,0f,0.9375f,-1.2067062143638536e-16f,2.0885376433647308e-17f,-1f,-3.827021247335479e-17f,0f,0f,0f,1f],start_interpolation:0}
execute if entity @s[tag=aj.tux.bone.head] run data modify entity @s {} merge value {transformation:[-1f,-5.14893476212429e-18f,1.2235639050508953e-16f,0f,0f,0.9991157498658292f,0.04204424300711992f,1f,-1.2246467991473532e-16f,0.04204424300711992f,-0.9991157498658292f,0f,0f,0f,0f,1f],start_interpolation:0}