execute if entity @s[tag=aj.tux.bone.left_wing] run data modify entity @s {} merge value {transformation:[-0.9848994842626556f,-0.17312713796269782f,1.2246467991473532e-16f,0.3125f,-0.17312713796269782f,0.9848994842626556f,0f,0.9375f,-1.2061540008841402e-16f,-2.120195953515601e-17f,-1f,3.827021247335479e-17f,0f,0f,0f,1f],start_interpolation:0}
execute if entity @s[tag=aj.tux.bone.right_wing] run data modify entity @s {} merge value {transformation:[-0.9848994842626556f,0.17312713796269782f,1.2246467991473532e-16f,-0.3125f,0.17312713796269782f,0.9848994842626556f,0f,0.9375f,-1.2061540008841402e-16f,2.120195953515601e-17f,-1f,-3.827021247335479e-17f,0f,0f,0f,1f],start_interpolation:0}
execute if entity @s[tag=aj.tux.bone.head] run data modify entity @s {} merge value {transformation:[-1f,-5.309469809423012e-18f,1.223495294513281e-16f,0f,0f,0.9990597251102327f,0.04335511114812591f,1f,-1.2246467991473532e-16f,0.04335511114812591f,-0.9990597251102327f,0f,0f,0f,0f,1f],start_interpolation:0}