execute if entity @s[tag=aj.tux.bone.left_wing] run data modify entity @s {} merge value {transformation:[-0.9848310665630033f,-0.17351590800954586f,1.2246467991473532e-16f,0.3125f,-0.17351590800954586f,0.9848310665630033f,0f,0.9375f,-1.206070213367256e-16f,-2.1249570134503694e-17f,-1f,3.827021247335479e-17f,0f,0f,0f,1f],start_interpolation:0}
execute if entity @s[tag=aj.tux.bone.right_wing] run data modify entity @s {} merge value {transformation:[-0.9848310665630033f,0.17351590800954586f,1.2246467991473532e-16f,-0.3125f,0.17351590800954586f,0.9848310665630033f,0f,0.9375f,-1.206070213367256e-16f,2.1249570134503694e-17f,-1f,-3.827021247335479e-17f,0f,0f,0f,1f],start_interpolation:0}
execute if entity @s[tag=aj.tux.bone.head] run data modify entity @s {} merge value {transformation:[-1f,-5.333618100998242e-18f,1.22348479126515e-16f,0f,0f,0.9990511485572722f,0.04355229691296882f,1f,-1.2246467991473532e-16f,0.04355229691296882f,-0.9990511485572722f,0f,0f,0f,0f,1f],start_interpolation:0}