execute if entity @s[tag=aj.tux.bone.left_wing] run data modify entity @s {} merge value {transformation:[-0.9867541598987312f,-0.1622227725152957f,1.2246467991473532e-16f,0.3125f,-0.1622227725152957f,0.9867541598987312f,0f,0.9375f,-1.2084253234653167e-16f,-1.9866559910966613e-17f,-1f,3.827021247335479e-17f,0f,0f,0f,1f],start_interpolation:0}
execute if entity @s[tag=aj.tux.bone.right_wing] run data modify entity @s {} merge value {transformation:[-0.9867541598987312f,0.1622227725152957f,1.2246467991473532e-16f,-0.3125f,0.1622227725152957f,0.9867541598987312f,0f,0.9375f,-1.2084253234653167e-16f,1.9866559910966613e-17f,-1f,-3.827021247335479e-17f,0f,0f,0f,1f],start_interpolation:0}
execute if entity @s[tag=aj.tux.bone.head] run data modify entity @s {} merge value {transformation:[-1f,-4.632736510780586e-18f,1.2237702226741856e-16f,0f,0f,0.9992842209902659f,0.03782916440892246f,1f,-1.2246467991473532e-16f,0.03782916440892246f,-0.9992842209902659f,0f,0f,0f,0f,1f],start_interpolation:0}