execute if entity @s[tag=aj.tux.bone.left_wing] run data modify entity @s {} merge value {transformation:[-0.9871064904084265f,-0.16006491368678877f,1.2246467991473532e-16f,0.3125f,-0.16006491368678877f,0.9871064904084265f,0f,0.9375f,-1.208856803896257e-16f,-1.9602298420232324e-17f,-1f,3.827021247335479e-17f,0f,0f,0f,1f],start_interpolation:0}
execute if entity @s[tag=aj.tux.bone.right_wing] run data modify entity @s {} merge value {transformation:[-0.9871064904084265f,0.16006491368678877f,1.2246467991473532e-16f,-0.3125f,0.16006491368678877f,0.9871064904084265f,0f,0.9375f,-1.208856803896257e-16f,1.9602298420232324e-17f,-1f,-3.827021247335479e-17f,0f,0f,0f,1f],start_interpolation:0}
execute if entity @s[tag=aj.tux.bone.head] run data modify entity @s {} merge value {transformation:[-1f,-4.498949131010974e-18f,1.2238201372479189e-16f,0f,0f,0.9993249793328086f,0.03673670754819526f,1f,-1.2246467991473532e-16f,0.03673670754819526f,-0.9993249793328086f,0f,0f,0f,0f,1f],start_interpolation:0}