execute if entity @s[tag=aj.tux.bone.left_wing] run data modify entity @s {} merge value {transformation:[-0.9882542339780988f,-0.15281874565759698f,1.2246467991473532e-16f,0.3125f,-0.15281874565759698f,0.9882542339780988f,0f,0.9375f,-1.2102623843850982e-16f,-1.8714898771928964e-17f,-1f,3.827021247335479e-17f,0f,0f,0f,1f],start_interpolation:0}
execute if entity @s[tag=aj.tux.bone.right_wing] run data modify entity @s {} merge value {transformation:[-0.9882542339780988f,0.15281874565759698f,1.2246467991473532e-16f,-0.3125f,0.15281874565759698f,0.9882542339780988f,0f,0.9375f,-1.2102623843850982e-16f,1.8714898771928964e-17f,-1f,-3.827021247335479e-17f,0f,0f,0f,1f],start_interpolation:0}
execute if entity @s[tag=aj.tux.bone.head] run data modify entity @s {} merge value {transformation:[-1f,-4.049990897529873e-18f,1.2239769360714483e-16f,0f,0f,0.9994530152886765f,0.03307068536291145f,1f,-1.2246467991473532e-16f,0.03307068536291145f,-0.9994530152886765f,0f,0f,0f,0f,1f],start_interpolation:0}