execute if entity @s[tag=aj.tux.bone.left_wing] run data modify entity @s {} merge value {transformation:[-0.9874758391412803f,-0.15777029857430122f,1.2246467991473532e-16f,0.3125f,-0.15777029857430122f,0.9874758391412803f,0f,0.9375f,-1.2093091256397155e-16f,-1.9321289114954022e-17f,-1f,3.827021247335479e-17f,0f,0f,0f,1f],start_interpolation:0}
execute if entity @s[tag=aj.tux.bone.right_wing] run data modify entity @s {} merge value {transformation:[-0.9874758391412803f,0.15777029857430122f,1.2246467991473532e-16f,-0.3125f,0.15777029857430122f,0.9874758391412803f,0f,0.9375f,-1.2093091256397155e-16f,1.9321289114954022e-17f,-1f,-3.827021247335479e-17f,0f,0f,0f,1f],start_interpolation:0}
execute if entity @s[tag=aj.tux.bone.head] run data modify entity @s {} merge value {transformation:[-1f,-4.356728964937242e-18f,1.2238715920939033e-16f,0f,0f,0.9993669954030912f,0.03557539176169461f,1f,-1.2246467991473532e-16f,0.03557539176169461f,-0.9993669954030912f,0f,0f,0f,0f,1f],start_interpolation:0}