execute if entity @s[tag=aj.tux.bone.left_wing] run data modify entity @s {} merge value {transformation:[-0.9864217563321144f,-0.16423190504486845f,1.2246467991473532e-16f,0.3125f,-0.16423190504486845f,0.9864217563321144f,0f,0.9375f,-1.2080182465014342e-16f,-2.011260768310702e-17f,-1f,3.827021247335479e-17f,0f,0f,0f,1f],start_interpolation:0}
execute if entity @s[tag=aj.tux.bone.right_wing] run data modify entity @s {} merge value {transformation:[-0.9864217563321144f,0.16423190504486845f,1.2246467991473532e-16f,-0.3125f,0.16423190504486845f,0.9864217563321144f,0f,0.9375f,-1.2080182465014342e-16f,2.011260768310702e-17f,-1f,-3.827021247335479e-17f,0f,0f,0f,1f],start_interpolation:0}
execute if entity @s[tag=aj.tux.bone.head] run data modify entity @s {} merge value {transformation:[-1f,-4.7573411079361916e-18f,1.2237224167351563e-16f,0f,0f,0.9992451844786264f,0.038846638159250796f,1f,-1.2246467991473532e-16f,0.038846638159250796f,-0.9992451844786264f,0f,0f,0f,0f,1f],start_interpolation:0}