execute if entity @s[tag=aj.tux.bone.left_wing] run data modify entity @s {} merge value {transformation:[-0.984807753012208f,-0.17364817766693033f,1.2246467991473532e-16f,0.3125f,-0.17364817766693033f,0.984807753012208f,0f,0.9375f,-1.2060416625018976e-16f,-2.1265768495757713e-17f,-1f,3.827021247335479e-17f,0f,0f,0f,1f],start_interpolation:0}
execute if entity @s[tag=aj.tux.bone.right_wing] run data modify entity @s {} merge value {transformation:[-0.984807753012208f,0.17364817766693033f,1.2246467991473532e-16f,-0.3125f,0.17364817766693033f,0.984807753012208f,0f,0.9375f,-1.2060416625018976e-16f,2.1265768495757713e-17f,-1f,-3.827021247335479e-17f,0f,0f,0f,1f],start_interpolation:0}
execute if entity @s[tag=aj.tux.bone.head] run data modify entity @s {} merge value {transformation:[-1f,-5.341834311772723e-18f,1.223481206754078e-16f,0f,0f,0.9990482215818578f,0.043619387365336f,1f,-1.2246467991473532e-16f,0.043619387365336f,-0.9990482215818578f,0f,0f,0f,0f,1f],start_interpolation:0}