execute if entity @s[tag=aj.tux.bone.left_wing] run data modify entity @s {} merge value {transformation:[-0.9850105856001059f,-0.17249390208275905f,1.2246467991473532e-16f,0.3125f,-0.17249390208275905f,0.9850105856001059f,0f,0.9375f,-1.2062900607814296e-16f,-2.1124410505808784e-17f,-1f,3.827021247335479e-17f,0f,0f,0f,1f],start_interpolation:0}
execute if entity @s[tag=aj.tux.bone.right_wing] run data modify entity @s {} merge value {transformation:[-0.9850105856001059f,0.17249390208275905f,1.2246467991473532e-16f,-0.3125f,0.17249390208275905f,0.9850105856001059f,0f,0.9375f,-1.2062900607814296e-16f,2.1124410505808784e-17f,-1f,-3.827021247335479e-17f,0f,0f,0f,1f],start_interpolation:0}
execute if entity @s[tag=aj.tux.bone.head] run data modify entity @s {} merge value {transformation:[-1f,-5.2701397661318685e-18f,1.2235122988128894e-16f,0f,0f,0.9990736101745796f,0.043033956972746305f,1f,-1.2246467991473532e-16f,0.043033956972746305f,-0.9990736101745796f,0f,0f,0f,0f,1f],start_interpolation:0}