execute if entity @s[tag=aj.tux.bone.left_wing] run data modify entity @s {} merge value {transformation:[-0.9878593497001008f,-0.15535090991073724f,1.2246467991473532e-16f,0.3125f,-0.15535090991073724f,0.9878593497001008f,0f,0.9375f,-1.2097787906180142e-16f,-1.902499945668132e-17f,-1f,3.827021247335479e-17f,0f,0f,0f,1f],start_interpolation:0}
execute if entity @s[tag=aj.tux.bone.right_wing] run data modify entity @s {} merge value {transformation:[-0.9878593497001008f,0.15535090991073724f,1.2246467991473532e-16f,-0.3125f,0.15535090991073724f,0.9878593497001008f,0f,0.9375f,-1.2097787906180142e-16f,1.902499945668132e-17f,-1f,-3.827021247335479e-17f,0f,0f,0f,1f],start_interpolation:0}
execute if entity @s[tag=aj.tux.bone.head] run data modify entity @s {} merge value {transformation:[-1f,-4.206826133155803e-18f,1.2239240352449974e-16f,0f,0f,0.9994098184857388f,0.034351342248922376f,1f,-1.2246467991473532e-16f,0.034351342248922376f,-0.9994098184857388f,0f,0f,0f,0f,1f],start_interpolation:0}