execute if entity @s[tag=aj.tux.bone.left_wing] run data modify entity @s {} merge value {transformation:[-0.9855736032730467f,-0.16924737082561497f,1.2246467991473532e-16f,0.3125f,-0.16924737082561497f,0.9855736032730467f,0f,0.9375f,-1.20697955857246e-16f,-2.072682509456945e-17f,-1f,3.827021247335479e-17f,0f,0f,0f,1f],start_interpolation:0}
execute if entity @s[tag=aj.tux.bone.right_wing] run data modify entity @s {} merge value {transformation:[-0.9855736032730467f,0.16924737082561497f,1.2246467991473532e-16f,-0.3125f,0.16924737082561497f,0.9855736032730467f,0f,0.9375f,-1.20697955857246e-16f,2.072682509456945e-17f,-1f,-3.827021247335479e-17f,0f,0f,0f,1f],start_interpolation:0}
execute if entity @s[tag=aj.tux.bone.head] run data modify entity @s {} merge value {transformation:[-1f,-5.0685596208281584e-18f,1.2235974636288149e-16f,0f,0f,0.999143152524247f,0.04138793017184291f,1f,-1.2246467991473532e-16f,0.04138793017184291f,-0.999143152524247f,0f,0f,0f,0f,1f],start_interpolation:0}