execute if entity @s[tag=aj.tux.bone.left_wing] run data modify entity @s {} merge value {transformation:[-0.9851617929593818f,-0.1716282077429473f,1.2246467991473532e-16f,0.3125f,-0.1716282077429473f,0.9851617929593818f,0f,0.9375f,-1.2064752363899743e-16f,-2.1018393525579738e-17f,-1f,3.827021247335479e-17f,0f,0f,0f,1f],start_interpolation:0}
execute if entity @s[tag=aj.tux.bone.right_wing] run data modify entity @s {} merge value {transformation:[-0.9851617929593818f,0.1716282077429473f,1.2246467991473532e-16f,-0.3125f,0.1716282077429473f,0.9851617929593818f,0f,0.9375f,-1.2064752363899743e-16f,2.1018393525579738e-17f,-1f,-3.827021247335479e-17f,0f,0f,0f,1f],start_interpolation:0}
execute if entity @s[tag=aj.tux.bone.head] run data modify entity @s {} merge value {transformation:[-1f,-5.2163780950976985e-18f,1.2235353377073978e-16f,0f,0f,0.9990924228596121f,0.042594959613902916f,1f,-1.2246467991473532e-16f,0.042594959613902916f,-0.9990924228596121f,0f,0f,0f,0f,1f],start_interpolation:0}