execute if entity @s[tag=aj.tux.bone.left_wing] run data modify entity @s {} merge value {transformation:[-0.9858285205310983f,-0.1677561566901969f,1.2246467991473532e-16f,0.3125f,-0.1677561566901969f,0.9858285205310983f,0f,0.9375f,-1.2072917421765804e-16f,-2.0544204032791145e-17f,-1f,3.827021247335479e-17f,0f,0f,0f,1f],start_interpolation:0}
execute if entity @s[tag=aj.tux.bone.right_wing] run data modify entity @s {} merge value {transformation:[-0.9858285205310983f,0.1677561566901969f,1.2246467991473532e-16f,-0.3125f,0.1677561566901969f,0.9858285205310983f,0f,0.9375f,-1.2072917421765804e-16f,2.0544204032791145e-17f,-1f,-3.827021247335479e-17f,0f,0f,0f,1f],start_interpolation:0}
execute if entity @s[tag=aj.tux.bone.head] run data modify entity @s {} merge value {transformation:[-1f,-4.976002456758747e-18f,1.2236354533180585e-16f,0f,0f,0.9991741734596467f,0.04063214357170765f,1f,-1.2246467991473532e-16f,0.04063214357170765f,-0.9991741734596467f,0f,0f,0f,0f,1f],start_interpolation:0}