# This file was generated by Animated Java via MC-Build. It is not recommended to edit this file directly.
$data merge entity $(bone_head) { transformation: [-0.9998274218438639f,0.0016729353171758758f,0.018502103028486695f,-0.017808252329869788f,0.0007236935993063054f,0.9986885318913098f,-0.05119270002992926f,0.991739079756739f,-0.01856348018628279f,-0.05117047543461505f,-0.998517390758503f,0.06151124875692457f,0f,0f,0f,1f], start_interpolation: 0, interpolation_duration: 1 }
$data merge entity $(bone_left_wing) { transformation: [-0.20371432715807913f,0.978385684033617f,0.03552360044537177f,0.32733685990077227f,0.9790009558095897f,0.2038553460019472f,-0.000355570437666601f,0.9666127355807477f,-0.007589560885904757f,0.03470520399735037f,-0.9993687744676945f,0.04251899160704539f,0f,0f,0f,1f], start_interpolation: 0, interpolation_duration: 1 }
$data merge entity $(bone_right_wing) { transformation: [-0.16872180485334676f,-0.9850233633667919f,0.03552360044537177f,-0.35962012376205926f,-0.9856475370587653f,0.16881589457054602f,-0.000355570437666601f,0.9543531425548393f,-0.0056467031991279245f,-0.03507374177243594f,-0.9993687744676945f,0.018104754455265056f,0f,0f,0f,1f], start_interpolation: 0, interpolation_duration: 1 }
$data merge entity $(bone_body) { transformation: [-0.9992101580550277f,-0.01780825232986978f,0.03552360044537177f,-7.654042494670958e-18f,-0.017832135310412306f,0.9998409316085909f,-0.000355570437666601f,-0.008101851851851858f,-0.03551161767531685f,-0.000988751243075432f,-0.9993687744676945f,0.0625f,0f,0f,0f,1f], start_interpolation: 0, interpolation_duration: 1 }