# This file was generated by Animated Java via MC-Build. It is not recommended to edit this file directly.
$data merge entity $(bone_head) { transformation: [-0.9993084718159586f,-0.0005615156366991531f,-0.037178795798724684f,0.03548044257040416f,-0.001512121737650567f,0.9996725213845796f,0.025545322007119686f,0.9762182449972246f,0.03715227644040202f,0.025583875562288274f,-0.9989820687412309f,0.05968034636589279f,0f,0f,0f,1f], start_interpolation: 0, interpolation_duration: 1 }
$data merge entity $(bone_left_wing) { transformation: [-0.18270176151330927f,0.9805989305902119f,-0.0710338205734895f,0.3748165441075625f,0.9830860591228331f,0.18314397303170304f,-0.00029240468583304857f,0.93274446524063f,0.012722684397222541f,-0.06988578158320667f,-0.9974738647374342f,0.004198564065407313f,0f,0f,0f,1f], start_interpolation: 0, interpolation_duration: 1 }
$data merge entity $(bone_right_wing) { transformation: [-0.2519556794494913f,-0.9651282463630824f,-0.0710338205734895f,-0.3105128004132476f,-0.9675671223230798f,0.2526138917378337f,-0.00029240468583304857f,0.9572133498893689f,0.01822633788174258f,0.06865631633861195f,-0.9974738647374342f,0.05299624047242034f,0f,0f,0f,1f], start_interpolation: 0, interpolation_duration: 1 }
$data merge entity $(bone_body) { transformation: [-0.9968426829393601f,0.03548044257040417f,-0.0710338205734895f,-7.654042494670958e-18f,0.03559110494362018f,0.9993663931453728f,-0.00029240468583304857f,-0.02314814814814815f,0.07097843841020077f,-0.002819653634107208f,-0.9974738647374342f,0.0625f,0f,0f,0f,1f], start_interpolation: 0, interpolation_duration: 1 }