# This file was generated by Animated Java via MC-Build. It is not recommended to edit this file directly.
$data merge entity $(bone_head) { transformation: [-0.9993084862253037f,0.0033162131449983624f,0.03703447162400397f,-0.03548044257040418f,0.0015121218312164851f,0.9988154247539531f,-0.04863600272583736f,0.9762182449972246f,-0.037151888857227346f,-0.04854636962695605f,-0.9981297446476501f,0.059680346365892784f,0f,0f,0f,1f], start_interpolation: 0, interpolation_duration: 1 }
$data merge entity $(bone_left_wing) { transformation: [-0.2519556794494914f,0.9651282463630824f,0.07103382057348975f,0.3105128004132476f,0.9675671223230798f,0.2526138917378337f,-0.0002924046858330479f,0.9572133498893689f,-0.018226337881742646f,0.06865631633861219f,-0.9974738647374342f,0.052996240472420415f,0f,0f,0f,1f], start_interpolation: 0, interpolation_duration: 1 }
$data merge entity $(bone_right_wing) { transformation: [-0.18270176151330927f,-0.9805989305902119f,0.07103382057348975f,-0.3748165441075625f,-0.9830860591228331f,0.18314397303170304f,-0.0002924046858330479f,0.93274446524063f,-0.012722684397222588f,-0.06988578158320691f,-0.9974738647374342f,0.004198564065407216f,0f,0f,0f,1f], start_interpolation: 0, interpolation_duration: 1 }
$data merge entity $(bone_body) { transformation: [-0.9968426829393601f,-0.035480442570404176f,0.07103382057348975f,-7.654042494670958e-18f,-0.03559110494362019f,0.9993663931453728f,-0.0002924046858330479f,-0.023148148148148147f,-0.07097843841020102f,-0.002819653634107217f,-0.9974738647374342f,0.0625f,0f,0f,0f,1f], start_interpolation: 0, interpolation_duration: 1 }