# This file was generated by Animated Java via MC-Build. It is not recommended to edit this file directly.
$data merge entity $(bone_head) { transformation: [-0.9993084862253037f,0.003316213144998375f,0.037034471624003945f,-0.03548044257040417f,0.001512121831216499f,0.9988154247539531f,-0.04863600272583737f,0.9762182449972246f,-0.03715188885722732f,-0.048546369626956055f,-0.9981297446476501f,0.059680346365892784f,0f,0f,0f,1f], start_interpolation: 0, interpolation_duration: 1 }
$data merge entity $(bone_left_wing) { transformation: [-0.3320750985084139f,0.9405744655716317f,0.07103382057348971f,0.3105128004132476f,0.9429494878225556f,0.33293569636594944f,-0.00029240468583304857f,0.9572133498893689f,-0.023924722899276763f,0.06688420441299911f,-0.9974738647374342f,0.05299624047242041f,0f,0f,0f,1f], start_interpolation: 0, interpolation_duration: 1 }
$data merge entity $(bone_right_wing) { transformation: [-0.2643641041505127f,-0.9618034189851012f,0.07103382057348971f,-0.3748165441075625f,-0.9642446536673094f,0.26501351356772385f,-0.00029240468583304857f,0.93274446524063f,-0.018543686545758286f,-0.06857128302037005f,-0.9974738647374342f,0.004198564065407237f,0f,0f,0f,1f], start_interpolation: 0, interpolation_duration: 1 }
$data merge entity $(bone_body) { transformation: [-0.9968426829393601f,-0.03548044257040416f,0.07103382057348971f,-7.654042494670958e-18f,-0.03559110494362017f,0.9993663931453728f,-0.00029240468583304857f,-0.02314814814814814f,-0.07097843841020098f,-0.0028196536341072147f,-0.9974738647374342f,0.0625f,0f,0f,0f,1f], start_interpolation: 0, interpolation_duration: 1 }