# This file was generated by Animated Java via MC-Build. It is not recommended to edit this file directly.
$data merge entity $(bone_head) { transformation: [-0.9998274218438639f,0.001672935317175881f,0.018502103028486674f,-0.017808252329869767f,0.0007236935993063123f,0.9986885318913098f,-0.05119270002992926f,0.991739079756739f,-0.01856348018628277f,-0.05117047543461505f,-0.998517390758503f,0.06151124875692457f,0f,0f,0f,1f], start_interpolation: 0, interpolation_duration: 1 }
$data merge entity $(bone_left_wing) { transformation: [-0.346394312508037f,0.9374161584235051f,0.035523600445371735f,0.32733685990077227f,0.9380037535557276f,0.34662491526869416f,-0.00035557043766660086f,0.9666127355807477f,-0.012646682468142314f,0.0331981029802689f,-0.9993687744676945f,0.04251899160704538f,0f,0f,0f,1f], start_interpolation: 0, interpolation_duration: 1 }
$data merge entity $(bone_right_wing) { transformation: [-0.31277105958305773f,-0.949164020651167f,0.035523600445371735f,-0.35962012376205926f,-0.9497673710613249f,0.312956569569842f,-0.00035557043766660086f,0.9543531425548393f,-0.010779849467912923f,-0.03385036874817901f,-0.9993687744676945f,0.01810475445526507f,0f,0f,0f,1f], start_interpolation: 0, interpolation_duration: 1 }
$data merge entity $(bone_body) { transformation: [-0.9992101580550277f,-0.01780825232986976f,0.035523600445371735f,-7.654042494670958e-18f,-0.017832135310412285f,0.9998409316085909f,-0.00035557043766660086f,-0.008101851851851853f,-0.03551161767531682f,-0.0009887512430754304f,-0.9993687744676945f,0.0625f,0f,0f,0f,1f], start_interpolation: 0, interpolation_duration: 1 }