# This file was generated by Animated Java via MC-Build. It is not recommended to edit this file directly.
$data merge entity $(bone_head) { transformation: [-0.9993084718159586f,-0.0005615156366991394f,-0.037178795798724684f,0.03548044257040417f,-0.0015121217376505532f,0.9996725213845796f,0.025545322007119682f,0.9762182449972246f,0.03715227644040202f,0.02558387556228827f,-0.9989820687412309f,0.05968034636589279f,0f,0f,0f,1f], start_interpolation: 0, interpolation_duration: 1 }
$data merge entity $(bone_left_wing) { transformation: [-0.26436410415051265f,0.9618034189851012f,-0.0710338205734895f,0.3748165441075625f,0.9642446536673094f,0.26501351356772385f,-0.0002924046858330479f,0.93274446524063f,0.018543686545758234f,-0.06857128302036986f,-0.9974738647374342f,0.004198564065407313f,0f,0f,0f,1f], start_interpolation: 0, interpolation_duration: 1 }
$data merge entity $(bone_right_wing) { transformation: [-0.33207509850841394f,-0.9405744655716317f,-0.0710338205734895f,-0.3105128004132476f,-0.9429494878225556f,0.33293569636594944f,-0.0002924046858330479f,0.9572133498893689f,0.023924722899276697f,0.06688420441299892f,-0.9974738647374342f,0.05299624047242034f,0f,0f,0f,1f], start_interpolation: 0, interpolation_duration: 1 }
$data merge entity $(bone_body) { transformation: [-0.9968426829393601f,0.035480442570404176f,-0.0710338205734895f,-7.654042494670958e-18f,0.03559110494362019f,0.9993663931453728f,-0.0002924046858330479f,-0.023148148148148147f,0.07097843841020077f,-0.0028196536341072082f,-0.9974738647374342f,0.0625f,0f,0f,0f,1f], start_interpolation: 0, interpolation_duration: 1 }