execute if entity @s[tag=aj.tux.bone.left_wing] run data modify entity @s {} merge value {transformation:[-0.9386353058258496f,-0.344904241765085f,0.002196968289616094f,0.3592013190557063f,-0.34490029705213393f,0.9386372242849707f,0.0019865245922228852f,0.9206139573834764f,-0.002747316975435679f,0.00110688710244899f,-0.9999956135155689f,0.002617987657601668f,0f,0f,0f,1f],start_interpolation:0}
execute if entity @s[tag=aj.tux.bone.right_wing] run data modify entity @s {} merge value {transformation:[-0.9052735512114055f,0.4248234584005752f,0.002196968289616094f,-0.2650080166483645f,0.42482759633546924f,0.9052720956220135f,0.0019865245922228852f,0.9520144629431284f,-0.0011449318400899534f,0.002731680929873253f,-0.9999956135155689f,0.0013089916755894826f,0f,0f,0f,1f],start_interpolation:0}
execute if entity @s[tag=aj.tux.bone.head] run data modify entity @s {} merge value {transformation:[-0.9987349371265133f,0.05011851360142138f,-0.004081661093693058f,0.05023642795058233f,0.05024080889544338f,0.9911945810102687f,-0.12251189206525802f,0.9987351575075226f,-0.002094393571219497f,-0.12256197277402986f,-0.9924586522094041f,0.002094388977701947f,0f,0f,0f,1f],start_interpolation:0}
execute if entity @s[tag=aj.tux.bone.body] run data modify entity @s {} merge value {transformation:[-0.9987349371265133f,0.05023642795058233f,0.002196968289616094f,0f,0.05024080889544338f,0.9987351575075226f,0.0019865245922228852f,0f,-0.002094393571219497f,0.002094388977701947f,-0.9999956135155689f,0f,0f,0f,0f,1f],start_interpolation:0}