execute if entity @s[tag=aj.tux.bone.left_wing] run data modify entity @s {} merge value {transformation:[-0.4409920013522155f,-0.8962726662790226f,-0.0471313316643985f,0.392551224919091f,-0.8958033832155243f,0.44278349157143176f,-0.03845878588089475f,0.9053245525274222f,0.0553385341600971f,0.02526038940522904f,-0.9981480648501544f,-0.05341807190028566f,0f,0f,0f,1f],start_interpolation:0}
execute if entity @s[tag=aj.tux.bone.right_wing] run data modify entity @s {} merge value {transformation:[-0.3339820121660161f,0.9414003681351945f,-0.0471313316643985f,-0.22938042667830416f,0.9423556495355092f,0.332395474663955f,-0.03845878588089475f,0.9608647882446298f,-0.0205388738261749f,-0.05725901935804095f,-0.9981480648501544f,-0.026191192574640438f,0f,0f,0f,1f],start_interpolation:0}
execute if entity @s[tag=aj.tux.bone.head] run data modify entity @s {} merge value {transformation:[-0.9950906425558323f,0.0829363123295686f,-0.05400167770535477f,0.08702442572841966f,0.08886437714753224f,0.9889494077512375f,-0.1186684093710613f,0.9953009817450944f,0.043563006921032356f,-0.12288464918633604f,-0.9914643853524691f,-0.042458274386627255f,0f,0f,0f,1f],start_interpolation:0}
execute if entity @s[tag=aj.tux.bone.body] run data modify entity @s {} merge value {transformation:[-0.9950906425558323f,0.08702442572841966f,-0.0471313316643985f,0f,0.08886437714753224f,0.9953009817450944f,-0.03845878588089475f,0f,0.043563006921032356f,-0.042458274386627255f,-0.9981480648501544f,0f,0f,0f,0f,1f],start_interpolation:0}