execute if entity @s[tag=aj.tux.bone.left_wing] run data modify entity @s {} merge value {transformation:[-0.45079279208644674f,-0.8920977162170913f,-0.030781866791269576f,0.25530097250338607f,-0.8920329346249346f,0.45148364482991066f,-0.020970502986962944f,0.9542568332648322f,0.032605247236184506f,0.018005087374099817f,-0.9993061166035753f,-0.027889238178902046f,0f,0f,0f,1f],start_interpolation:0}
execute if entity @s[tag=aj.tux.bone.right_wing] run data modify entity @s {} merge value {transformation:[-0.606817571355625f,0.7942448688980658f,-0.030781866791269576f,-0.368266946984195f,0.7948385912307393f,0.6064584502625119f,-0.020970502986962944f,0.9169948503390706f,0.002012208834813546f,-0.03719188532847972f,-0.9993061166035753f,-0.007899380391265632f,0f,0f,0f,1f],start_interpolation:0}
execute if entity @s[tag=aj.tux.bone.head] run data modify entity @s {} merge value {transformation:[-0.9977086711801296f,-0.05439708538124579f,-0.04022890197364902f,-0.06024851972309811f,-0.05961917268121883f,0.9879719670041167f,0.14267777213996405f,0.9980008979220815f,0.03198377246021826f,0.14474926430224766f,-0.9889513075895957f,-0.019087263237422762f,0f,0f,0f,1f],start_interpolation:0}
execute if entity @s[tag=aj.tux.bone.body] run data modify entity @s {} merge value {transformation:[-0.9977086711801296f,-0.06024851972309811f,-0.030781866791269576f,0f,-0.05961917268121883f,0.9980008979220815f,-0.020970502986962944f,0f,0.03198377246021826f,-0.019087263237422762f,-0.9993061166035753f,0f,0f,0f,0f,1f],start_interpolation:0}