execute if entity @s[tag=aj.tux.bone.left_wing] run data modify entity @s {} merge value {transformation:[-0.4901560825092473f,-0.870308141233474f,-0.04807030353475542f,0.41060298085400787f,-0.8697522455210279f,0.4919757145077913f,-0.0386125335309365f,0.8972173888110669f,0.05725422421374224f,0.022883086270950155f,-0.9980973490458728f,-0.05448531296463222f,0f,0f,0f,1f],start_interpolation:0}
execute if entity @s[tag=aj.tux.bone.right_wing] run data modify entity @s {} merge value {transformation:[-0.3862242347228284f,0.9211515002597793f,-0.04807030353475542f,-0.21008608327517958f,0.9222468331748495f,0.38466849488005095f,-0.0386125335309365f,0.9652384343887223f,-0.017076861881711626f,-0.05924578141837747f,-0.9980973490458728f,-0.027223195861297296f,0f,0f,0f,1f],start_interpolation:0}
execute if entity @s[tag=aj.tux.bone.head] run data modify entity @s {} merge value {transformation:[-0.9931025026067f,0.10822244889306937f,-0.045114530607072975f,0.1069423453753751f,0.10883367292424855f,0.9939956040164832f,-0.011312419446092719f,0.9933097723732209f,0.04361938736533589f,-0.01614437213067256f,-0.9989177685347174f,-0.043577871373829076f,0f,0f,0f,1f],start_interpolation:0}
execute if entity @s[tag=aj.tux.bone.body] run data modify entity @s {} merge value {transformation:[-0.9931025026067f,0.1069423453753751f,-0.04807030353475542f,0f,0.10883367292424855f,0.9933097723732209f,-0.0386125335309365f,0f,0.04361938736533589f,-0.043577871373829076f,-0.9980973490458728f,0f,0f,0f,0f,1f],start_interpolation:0}