execute if entity @s[tag=aj.tux.bone.left_wing] run data modify entity @s {} merge value {transformation:[-0.9393873503701553f,-0.2869251743815743f,0.18768417693200018f,0.25186834543204406f,-0.28269496914033054f,0.9579306875103694f,0.04952123129182914f,0.950722806630831f,-0.1939973205672871f,-0.0065377543556211365f,-0.98098027369601f,0.09618202285936954f,0f,0f,0f,1f],start_interpolation:0}
execute if entity @s[tag=aj.tux.bone.right_wing] run data modify entity @s {} merge value {transformation:[-0.9714907581989369f,0.14484597496448492f,0.18768417693200018f,-0.3609473464090964f,0.1566380509968525f,0.986413791788846f,0.04952123129182914f,0.9196560786446467f,-0.1779613095983562f,0.07750790221222095f,-0.98098027369601f,-0.022632059830759235f,0f,0f,0f,1f],start_interpolation:0}
execute if entity @s[tag=aj.tux.bone.head] run data modify entity @s {} merge value {transformation:[-0.9805051069458248f,-0.07003774914167936f,0.18358771458984896f,-0.058175467187761294f,-0.04970676477789465f,0.9923396410256831f,0.11309851627821535f,0.9975354054802548f,-0.19010253230420604f,0.10176812145355676f,-0.9764754357726274f,0.03922664694859216f,0f,0f,0f,1f],start_interpolation:0}
execute if entity @s[tag=aj.tux.bone.body] run data modify entity @s {} merge value {transformation:[-0.9805051069458248f,-0.058175467187761294f,0.18768417693200018f,0f,-0.04970676477789465f,0.9975354054802548f,0.04952123129182914f,0f,-0.19010253230420604f,0.03922664694859216f,-0.98098027369601f,0f,0f,0f,0f,1f],start_interpolation:0}