execute if entity @s[tag=aj.tux.bone.left_wing] run data modify entity @s {} merge value {transformation:[-0.5752108189347441f,-0.8179016894387858f,-0.013013077791240354f,0.20261161093855645f,-0.8178942005953128f,0.5753220507238924f,-0.007322197990303347f,0.9671693577817477f,0.013475548707760332f,0.0064315133549464245f,-0.9998885163971981f,-0.009719489746118744f,0f,0f,0f,1f],start_interpolation:0}
execute if entity @s[tag=aj.tux.bone.right_wing] run data modify entity @s {} merge value {transformation:[-0.8173691549862672f,0.5759672944564082f,-0.013013077791240354f,-0.41819033262045985f,0.5760785192692801f,0.817361563234475f,-0.007322197990303347f,0.8953647883508122f,0.006419043039990878f,-0.013481493369090089f,-0.9998885163971981f,-0.0011142191410801333f,0f,0f,0f,1f],start_interpolation:0}
execute if entity @s[tag=aj.tux.bone.head] run data modify entity @s {} merge value {transformation:[-0.993283109694426f,-0.11522758375980377f,-0.010548361799264673f,-0.1149753182303485f,-0.11488731108949661f,0.9929670523047671f,-0.028589137584180604f,0.993351544604032f,0.013768432968061777f,-0.027185234559580017f,-0.9995355887988904f,-0.005777978073172735f,0f,0f,0f,1f],start_interpolation:0}
execute if entity @s[tag=aj.tux.bone.body] run data modify entity @s {} merge value {transformation:[-0.993283109694426f,-0.1149753182303485f,-0.013013077791240354f,0f,-0.11488731108949661f,0.993351544604032f,-0.007322197990303347f,0f,0.013768432968061777f,-0.005777978073172735f,-0.9998885163971981f,0f,0f,0f,0f,1f],start_interpolation:0}