execute if entity @s[tag=aj.tux.bone.left_wing] run data modify entity @s {} merge value {transformation:[-0.9890609079230703f,-0.1388427198275788f,0.049811841657104734f,0.2998129445324748f,-0.13846009410406512f,0.9903061618052802f,0.011068343651501533f,0.9412918023052869f,-0.05086573266046053f,0.004050313737819144f,-0.9986972875699321f,0.02538584652186995f,0f,0f,0f,1f],start_interpolation:0}
execute if entity @s[tag=aj.tux.bone.right_wing] run data modify entity @s {} merge value {transformation:[-0.9931314793973225f,0.10587088863711917f,0.049811841657104734f,-0.3243575738023949f,0.10654487827994709f,0.9942462877381658f,0.011068343651501533f,0.9334455759943591f,-0.04835342327485222f,0.0162995171113499f,-0.9986972875699321f,-0.005832750087488646f,0f,0f,0f,1f],start_interpolation:0}
execute if entity @s[tag=aj.tux.bone.head] run data modify entity @s {} merge value {transformation:[-0.9986728293357915f,-0.013853949869124747f,0.049604919307151024f,-0.013090468943957344f,-0.012553962097484364f,0.9995720151956452f,0.026423180606656372f,0.9998599350931445f,-0.049949754574973755f,0.02576537425966939f,-0.998419334501871f,0.010428318098336695f,0f,0f,0f,1f],start_interpolation:0}
execute if entity @s[tag=aj.tux.bone.body] run data modify entity @s {} merge value {transformation:[-0.9986728293357915f,-0.013090468943957344f,0.049811841657104734f,0f,-0.012553962097484364f,0.9998599350931445f,0.011068343651501533f,0f,-0.049949754574973755f,0.010428318098336695f,-0.9986972875699321f,0f,0f,0f,0f,1f],start_interpolation:0}