execute if entity @s[tag=aj.tux.bone.left_wing] run data modify entity @s {} merge value {transformation:[-0.9641447369782148f,-0.26537314667292966f,0.001420979280988723f,0.3446095580123323f,-0.26537136414527385f,0.9641453625215477f,0.0013262804642841955f,0.9261769813635171f,-0.0017219898041824114f,0.0009016391191784823f,-0.9999981108972221f,0.0017180567244040761f,0f,0f,0f,1f],start_interpolation:0}
execute if entity @s[tag=aj.tux.bone.right_wing] run data modify entity @s {} merge value {transformation:[-0.9464490755889022f,0.32285000872664615f,0.001420979280988723f,-0.28001885979718155f,0.3228518344205231f,0.9464485902527582f,0.0013262804642841955f,0.9477083940902945f,-0.0009166941778020217f,0.001714022686934162f,-0.9999981108972221f,0.0008590277536539397f,0f,0f,0f,1f],start_interpolation:0}
execute if entity @s[tag=aj.tux.bone.head] run data modify entity @s {} merge value {transformation:[-0.9994054684952222f,0.034423305022291295f,-0.0019353586716265522f,0.0344483723814137f,0.034450260362843696f,0.994798714254987f,-0.09585769493137747f,0.9994055335753662f,-0.0013744463532002185f,-0.09586737812189838f,-0.9953931668990174f,0.001374445054964275f,0f,0f,0f,1f],start_interpolation:0}
execute if entity @s[tag=aj.tux.bone.body] run data modify entity @s {} merge value {transformation:[-0.9994054684952222f,0.0344483723814137f,0.001420979280988723f,0f,0.034450260362843696f,0.9994055335753662f,0.0013262804642841955f,0f,-0.0013744463532002185f,0.001374445054964275f,-0.9999981108972221f,0f,0f,0f,0f,1f],start_interpolation:0}