execute if entity @s[tag=aj.tux.bone.left_wing] run data modify entity @s {} merge value {transformation:[-0.6912650736049943f,-0.7225985831007499f,0.001971221618759058f,0.4255167693190996f,-0.7225970411068073f,0.6912677891422219f,0.0015361894777808774f,0.8919041987022399f,-0.0024726903503276684f,-0.00036248477665164983f,-0.9999968771987331f,0.0022089285981063108f,0f,0f,0f,1f],start_interpolation:0}
execute if entity @s[tag=aj.tux.bone.right_wing] run data modify entity @s {} merge value {transformation:[-0.5588440064148117f,0.8292704569557339f,0.001971221618759058f,-0.19472946862204904f,0.8292727819009187f,0.5588419215844492f,0.0015361894777808774f,0.968835235843352f,0.0001723152729138182f,0.002493170717906899f,-0.9999968771987331f,0.0011044630056671393f,0f,0f,0f,1f],start_interpolation:0}
execute if entity @s[tag=aj.tux.bone.head] run data modify entity @s {} merge value {transformation:[-0.9923939807058377f,0.12294880230212353f,0.006146468196826693f,0.12308656037176031f,0.12308965942577939f,0.9917708175683595f,0.03520768612438359f,0.9923943650909823f,-0.0017671449479026748f,0.035696462461437505f,-0.9993611157967235f,0.0017671421886791734f,0f,0f,0f,1f],start_interpolation:0}
execute if entity @s[tag=aj.tux.bone.body] run data modify entity @s {} merge value {transformation:[-0.9923939807058377f,0.12308656037176031f,0.001971221618759058f,0f,0.12308965942577939f,0.9923943650909823f,0.0015361894777808774f,0f,-0.0017671449479026748f,0.0017671421886791734f,-0.9999968771987331f,0f,0f,0f,0f,1f],start_interpolation:0}