execute if entity @s[tag=aj.tux.bone.left_wing] run data modify entity @s {} merge value {transformation:[-0.9047503701208637f,-0.3677881069977812f,0.21484570304557854f,0.23018828516531836f,-0.36340812521695764f,0.9296286758074376f,0.06103326668962091f,0.9546532899593101f,-0.22217403604484556f,-0.022856803527592992f,-0.9747390749529049f,0.11051221354454689f,0f,0f,0f,1f],start_interpolation:0}
execute if entity @s[tag=aj.tux.bone.right_wing] run data modify entity @s {} merge value {transformation:[-0.9608274274288527f,0.17507706469810258f,0.21484570304557854f,-0.3782190435621912f,0.19212161082249646f,0.9794714018347667f,0.06103326668962091f,0.9125925861841315f,-0.1997496967592735f,0.09991893916837585f,-0.9747390749529049f,-0.02622263771361917f,0f,0f,0f,1f],start_interpolation:0}
execute if entity @s[tag=aj.tux.bone.head] run data modify entity @s {} merge value {transformation:[-0.9734517259640153f,-0.09636087601059405f,0.20762061263793286f,-0.07894973781166552f,-0.06729712604028561f,0.9874650086393221f,0.14277238367296974f,0.9958644672765022f,-0.2187757620130657f,0.12500975276919268f,-0.9677343270072566f,0.04495444044316145f,0f,0f,0f,1f],start_interpolation:0}
execute if entity @s[tag=aj.tux.bone.body] run data modify entity @s {} merge value {transformation:[-0.9734517259640153f,-0.07894973781166552f,0.21484570304557854f,0f,-0.06729712604028561f,0.9958644672765022f,0.06103326668962091f,0f,-0.2187757620130657f,0.04495444044316145f,-0.9747390749529049f,0f,0f,0f,0f,1f],start_interpolation:0}