execute if entity @s[tag=aj.tux.bone.left_wing] run data modify entity @s {} merge value {transformation:[-0.40158317747946465f,-0.9148245123061773f,-0.04274416041123922f,0.33733566989067654f,-0.914566899675676f,0.4030387549005829f,-0.03357302586616258f,0.927730966310547f,0.0479409802060715f,0.02561003186161298f,-0.9985218018075159f,-0.0456333208073584f,0f,0f,0f,1f],start_interpolation:0}
execute if entity @s[tag=aj.tux.bone.right_wing] run data modify entity @s {} merge value {transformation:[-0.36798956825028045f,0.9288469273296384f,-0.04274416041123922f,-0.28686645092717455f,0.9297006130289017f,0.3667827995801799f,-0.03357302586616258f,0.9454573203871602f,-0.015506379095604976f,-0.052093795431079476f,-0.9985218018075159f,-0.01950883540290691f,0f,0f,0f,1f],start_interpolation:0}
execute if entity @s[tag=aj.tux.bone.head] run data modify entity @s {} merge value {transformation:[-0.9987233933085617f,0.024813805967194423f,-0.043998394194042924f,0.026916916780534386f,0.028362166522581136f,0.9962328682056253f,-0.08194912944588642f,0.9990337529054438f,0.041799176647122384f,-0.08309240242173588f,-0.9956648439567437f,-0.0347424833121415f,0f,0f,0f,1f],start_interpolation:0}
execute if entity @s[tag=aj.tux.bone.body] run data modify entity @s {} merge value {transformation:[-0.9987233933085617f,0.026916916780534386f,-0.04274416041123922f,0f,0.028362166522581136f,0.9990337529054438f,-0.03357302586616258f,0f,0.041799176647122384f,-0.0347424833121415f,-0.9985218018075159f,0f,0f,0f,0f,1f],start_interpolation:0}