execute if entity @s[tag=aj.tux.bone.left_wing] run data modify entity @s {} merge value {transformation:[-0.42386517643034277f,-0.9045373125785626f,-0.04637415619530159f,0.38073953126613447f,-0.9041203123556076f,0.4256058629707922f,-0.03776387415091175f,0.9104297082611184f,0.053895946004064416f,0.02592102540485433f,-0.998210061783735f,-0.05213113893652572f,0f,0f,0f,1f],start_interpolation:0}
execute if entity @s[tag=aj.tux.bone.right_wing] run data modify entity @s {} merge value {transformation:[-0.3227106892337819f,0.9453609092253769f,-0.04637415619530159f,-0.24186963644902518f,0.9462689348003437f,0.32116816909671647f,-0.03776387415091175f,0.9578291077739105f,-0.02080658756452849f,-0.056069229240571325f,-0.998210061783735f,-0.02499958529758107f,0f,0f,0f,1f],start_interpolation:0}
execute if entity @s[tag=aj.tux.bone.head] run data modify entity @s {} merge value {transformation:[-0.9961746683442554f,0.06799133350076854f,-0.05489270186463755f,0.07406394390245827f,0.07583903922046753f,0.9847513939688526f,-0.15656670210015342f,0.9964047018853487f,0.04341048582231145f,-0.16013079230800387f,-0.9861407906964816f,-0.041136386258190286f,0f,0f,0f,1f],start_interpolation:0}
execute if entity @s[tag=aj.tux.bone.body] run data modify entity @s {} merge value {transformation:[-0.9961746683442554f,0.07406394390245827f,-0.04637415619530159f,0f,0.07583903922046753f,0.9964047018853487f,-0.03776387415091175f,0f,0.04341048582231145f,-0.041136386258190286f,-0.998210061783735f,0f,0f,0f,0f,1f],start_interpolation:0}