execute if entity @s[tag=aj.tux.bone.left_wing] run data modify entity @s {} merge value {transformation:[-0.6766387929263382f,-0.7363151118286164f,1.2246467991473532e-16f,0.1874582139730174f,-0.7363151118286164f,0.6766387929263382f,0f,0.9702689926067133f,-8.286435319361689e-17f,-9.017259448647405e-17f,-1f,2.295701017159354e-17f,0f,0f,0f,1f],start_interpolation:0}
execute if entity @s[tag=aj.tux.bone.right_wing] run data modify entity @s {} merge value {transformation:[-0.8967531307410515f,0.44253115427743916f,1.2246467991473532e-16f,-0.4321948243856141f,0.44253115427743916f,0.8967531307410515f,0f,0.8886901224691811f,-1.0982058511873967e-16f,5.419443616088494e-17f,-1f,-5.2928600829189475e-17f,0f,0f,0f,1f],start_interpolation:0}
execute if entity @s[tag=aj.tux.bone.head] run data modify entity @s {} merge value {transformation:[-0.9914448613738104f,-0.13044019163981926f,0.004737431839412227f,-0.13052619222005157f,-0.13052619222005157f,0.9907916221128141f,-0.03598436737796957f,0.9914448613738104f,-1.2141697760125282e-16f,-0.03629487506557582f,-0.9993411239631712f,-1.5984848350717833e-17f,0f,0f,0f,1f],start_interpolation:0}
execute if entity @s[tag=aj.tux.bone.body] run data modify entity @s {} merge value {transformation:[-0.9914448613738104f,-0.13052619222005157f,1.2246467991473532e-16f,0f,-0.13052619222005157f,0.9914448613738104f,0f,0f,-1.2141697760125282e-16f,-1.5984848350717833e-17f,-1f,0f,0f,0f,0f,1f],start_interpolation:0}