execute if entity @s[tag=aj.tux.bone.left_wing] run data modify entity @s {} merge value {transformation:[-0.4033710454788153f,-0.9141167076480261f,-0.04101761168157692f,0.32112540800402256f,-0.9139071382971137f,0.404694663622247f,-0.03155902098064532f,0.9336050065547004f,0.0454482369174862f,0.024756292824441462f,-0.99865989392119f,-0.04269266998265664f,0f,0f,0f,1f],start_interpolation:0}
execute if entity @s[tag=aj.tux.bone.right_wing] run data modify entity @s {} merge value {transformation:[-0.413637223956077f,0.909517345898279f,-0.04101761168157692f,-0.3033204030035288f,0.9103655790282457f,0.41259973426471114f,-0.03155902098064532f,0.9403517355947768f,-0.011779621321472884f,-0.050395007638060235f,-0.99865989392119f,-0.017258229505593584f,0f,0f,0f,1f],start_interpolation:0}
execute if entity @s[tag=aj.tux.bone.head] run data modify entity @s {} merge value {transformation:[-0.9991132976120821f,0.010388537358672055f,-0.040800696394282944f,0.009496002666930016f,0.010794766464122493f,0.9998942117165889f,-0.00974876364707701f,0.9994435958130545f,0.040695104763300884f,-0.010180553384221747f,-0.9991197449660851f,-0.03197381306040012f,0f,0f,0f,1f],start_interpolation:0}
execute if entity @s[tag=aj.tux.bone.body] run data modify entity @s {} merge value {transformation:[-0.9991132976120821f,0.009496002666930016f,-0.04101761168157692f,0f,0.010794766464122493f,0.9994435958130545f,-0.03155902098064532f,0f,0.040695104763300884f,-0.03197381306040012f,-0.99865989392119f,0f,0f,0f,0f,1f],start_interpolation:0}