execute if entity @s[tag=aj.tux.bone.left_wing] run data modify entity @s {} merge value {transformation:[-0.8080777729253751f,-0.5890653701369029f,0.0035075075822832086f,0.4033718642749773f,-0.5890584088766514f,0.8080853441773663f,0.0028753186702298733f,0.9021294634296614f,-0.004528116128574556f,0.0002573542719475695f,-0.999989714913661f,0.0040087807922445234f,0f,0f,0f,1f],start_interpolation:0}
execute if entity @s[tag=aj.tux.bone.right_wing] run data modify entity @s {} merge value {transformation:[-0.7073215434620387f,0.706883251707833f,0.0035075075822832086f,-0.21858153546351689f,0.706891811447101f,0.7073158413690313f,0.0028753186702298733f,0.9637326365774598f,-0.0004484010653625697f,0.00451320322827683f,-0.999989714913661f,0.0020043826653244096f,0f,0f,0f,1f],start_interpolation:0}
execute if entity @s[tag=aj.tux.bone.head] run data modify entity @s {} merge value {transformation:[-0.9951254395815907f,0.09856580010190032f,-0.0031847366952390144f,0.0985548420327789f,0.0985650770364773f,0.9930301342201756f,-0.0646225821168827f,0.9951264533371313f,-0.0032070370030721812f,-0.06462147925366747f,-0.9979046945138242f,0.0032070205107034306f,0f,0f,0f,1f],start_interpolation:0}
execute if entity @s[tag=aj.tux.bone.body] run data modify entity @s {} merge value {transformation:[-0.9951254395815907f,0.0985548420327789f,0.0035075075822832086f,0f,0.0985650770364773f,0.9951264533371313f,0.0028753186702298733f,0f,-0.0032070370030721812f,0.0032070205107034306f,-0.999989714913661f,0f,0f,0f,0f,1f],start_interpolation:0}