execute if entity @s[tag=aj.tux.bone.left_wing] run data modify entity @s {} merge value {transformation:[-0.4094371796762984f,-0.9115046775305081f,-0.03899254722024096f,0.30451849863415265f,-0.9113388389184388f,0.41061492841727243f,-0.029272875493706076f,0.939296175418973f,0.042693284922927635f,0.02355001912700835f,-0.9988106327135325f,-0.03941673290483942f,0f,0f,0f,1f],start_interpolation:0}
execute if entity @s[tag=aj.tux.bone.right_wing] run data modify entity @s {} merge value {transformation:[-0.4536026389779953f,0.8903506203588986f,-0.03899254722024096f,-0.3199849101268685f,0.8911643623829095f,0.45273521839922315f,-0.029272875493706076f,0.9348529042028659f,-0.008409823473812191f,-0.04802702205563089f,-0.9988106327135325f,-0.014906535297210623f,0f,0f,0f,1f],start_interpolation:0}
execute if entity @s[tag=aj.tux.bone.head] run data modify entity @s {} merge value {transformation:[-0.9992054540176338f,-0.004627076207894056f,-0.039585992815394676f,-0.008248752796115113f,-0.007109233945771257f,0.9980011966494967f,0.06279387134806355f,0.9995461757983142f,0.03921631617220608f,0.06302540481376698f,-0.997241133775549f,-0.028972409707760025f,0f,0f,0f,1f],start_interpolation:0}
execute if entity @s[tag=aj.tux.bone.body] run data modify entity @s {} merge value {transformation:[-0.9992054540176338f,-0.008248752796115113f,-0.03899254722024096f,0f,-0.007109233945771257f,0.9995461757983142f,-0.029272875493706076f,0f,0.03921631617220608f,-0.028972409707760025f,-0.9988106327135325f,0f,0f,0f,0f,1f],start_interpolation:0}