execute if entity @s[tag=aj.tux.bone.left_wing] run data modify entity @s {} merge value {transformation:[-0.8715525296103691f,-0.4494886166264656f,0.19584731719631182f,0.2159149729129085f,-0.4468775818146084f,0.8925876705267907f,0.05989722276604598f,0.9589384420061705f,-0.20173402043605468f,-0.03531619949518324f,-0.9788034281978797f,0.10188370289107261f,0f,0f,0f,1f],start_interpolation:0}
execute if entity @s[tag=aj.tux.bone.right_wing] run data modify entity @s {} merge value {transformation:[-0.9562960732098972f,0.21712127650310595f,0.19584731719631182f,-0.39409689285847493f,0.23266106999183966f,0.9707116715148567f,0.05989722276604598f,0.9059259329431263f,-0.17710631517137737f,0.10284552530127333f,-0.9788034281978797f,-0.023416726082480063f,0f,0f,0f,1f],start_interpolation:0}
execute if entity @s[tag=aj.tux.bone.head] run data modify entity @s {} merge value {transformation:[-0.9760189852342135f,-0.1117379564996907f,0.1868196176520264f,-0.09503035730430211f,-0.08482001450087069f,0.9855892146531255f,0.14635390360187694f,0.9945943333062917f,-0.2004806863576843f,0.12699814580027782f,-0.9714314002341303f,0.04184905429791602f,0f,0f,0f,1f],start_interpolation:0}
execute if entity @s[tag=aj.tux.bone.body] run data modify entity @s {} merge value {transformation:[-0.9760189852342135f,-0.09503035730430211f,0.19584731719631182f,0f,-0.08482001450087069f,0.9945943333062917f,0.05989722276604598f,0f,-0.2004806863576843f,0.04184905429791602f,-0.9788034281978797f,0f,0f,0f,0f,1f],start_interpolation:0}