execute if entity @s[tag=aj.tux.bone.left_wing] run data modify entity @s {} merge value {transformation:[-0.7269165988201152f,-0.6856732201271826f,0.03800649365853119f,0.1799728408056378f,-0.685641702797412f,0.7277652322121679f,0.015912955986699756f,0.9714289528556262f,-0.03857089245611379f,-0.014491445186368386f,-0.9991507815497866f,0.022317395147504696f,0f,0f,0f,1f],start_interpolation:0}
execute if entity @s[tag=aj.tux.bone.right_wing] run data modify entity @s {} merge value {transformation:[-0.9277117168502738f,0.3713576131688987f,0.03800649365853119f,-0.4385972072709956f,0.3721408805584498f,0.9280398390419168f,0.015912955986699756f,0.8855440885760032f,-0.029362142903728357f,0.028906405735609007f,-0.9991507815497866f,-0.0025801089471239533f,0f,0f,0f,1f],start_interpolation:0}
execute if entity @s[tag=aj.tux.bone.head] run data modify entity @s {} merge value {transformation:[-0.9897120769226135f,-0.13770503313482318f,0.0388243305526811f,-0.13793299544819082f,-0.13741578284739697f,0.9904626133679737f,0.01003564371232681f,0.9903856220968691f,-0.03983600655140584f,0.00459732200535955f,-0.9991956551208654f,0.010526552640203062f,0f,0f,0f,1f],start_interpolation:0}
execute if entity @s[tag=aj.tux.bone.body] run data modify entity @s {} merge value {transformation:[-0.9897120769226135f,-0.13793299544819082f,0.03800649365853119f,0f,-0.13741578284739697f,0.9903856220968691f,0.015912955986699756f,0f,-0.03983600655140584f,0.010526552640203062f,-0.9991507815497866f,0f,0f,0f,0f,1f],start_interpolation:0}