execute if entity @s[tag=aj.tux.bone.left_wing] run data modify entity @s {} merge value {transformation:[-0.781558263358519f,-0.6168926119459544f,0.09279108956421571f,0.18659592525313062f,-0.6166383722194976f,0.7864755635588804f,0.03483253983317905f,0.9690771152555605f,-0.09446586093666041f,-0.02999488708496573f,-0.9950761316935783f,0.05132256196731773f,0f,0f,0f,1f],start_interpolation:0}
execute if entity @s[tag=aj.tux.bone.right_wing] run data modify entity @s {} merge value {transformation:[-0.9453244796608697f,0.31265226986444816f,0.09279108956421571f,-0.4303791812047011f,0.3168967814663628f,0.9478201960630668f,0.03483253983317905f,0.8895253489653546f,-0.07705879605967328f,0.06233325022472346f,-0.9950761316935783f,-0.008995217264478977f,0f,0f,0f,1f],start_interpolation:0}
execute if entity @s[tag=aj.tux.bone.head] run data modify entity @s {} merge value {transformation:[-0.9871601703325307f,-0.13308446284106043f,0.0883364243070519f,-0.13001773650750426f,-0.12728282606432945f,0.9895073027790501f,0.06836943714853258f,0.9912546475844881f,-0.09650844677087474f,0.05624787549086538f,-0.9937415640923134f,0.022574583841514003f,0f,0f,0f,1f],start_interpolation:0}
execute if entity @s[tag=aj.tux.bone.body] run data modify entity @s {} merge value {transformation:[-0.9871601703325307f,-0.13001773650750426f,0.09279108956421571f,0f,-0.12728282606432945f,0.9912546475844881f,0.03483253983317905f,0f,-0.09650844677087474f,0.022574583841514003f,-0.9950761316935783f,0f,0f,0f,0f,1f],start_interpolation:0}