execute if entity @s[tag=aj.tux.bone.left_wing] run data modify entity @s {} merge value {transformation:[-0.5878695193374723f,-0.8087881434077803f,-0.01646715873868478f,0.44271179264040184f,-0.8087170761210138f,0.5880687484743704f,-0.01232225052764873f,0.883310994691288f,0.019649911557249704f,0.006073396972324981f,-0.9997884750411002f,-0.018178429926953003f,0f,0f,0f,1f],start_interpolation:0}
execute if entity @s[tag=aj.tux.bone.right_wing] run data modify entity @s {} merge value {transformation:[-0.4433603623925285f,0.8961921790231382f,-0.01646715873868478f,-0.1758394568099982f,0.8963356322775584f,0.4432049147420677f,-0.01232225052764873f,0.9723992928357623f,-0.0037447788660196473f,-0.020223298599283804f,-0.9997884750411002f,-0.009088493894713917f,0f,0f,0f,1f],start_interpolation:0}
execute if entity @s[tag=aj.tux.bone.head] run data modify entity @s {} merge value {transformation:[-0.9896819991206401f,0.14322550399567122f,-0.003999452682458904f,0.14233191244288196f,0.14254127703115876f,0.9870199546990633f,0.07398373718720633f,0.9897121533477602f,0.014543897651582541f,0.07265028582906702f,-0.9972514281815068f,-0.01454235937155569f,0f,0f,0f,1f],start_interpolation:0}
execute if entity @s[tag=aj.tux.bone.body] run data modify entity @s {} merge value {transformation:[-0.9896819991206401f,0.14233191244288196f,-0.01646715873868478f,0f,0.14254127703115876f,0.9897121533477602f,-0.01232225052764873f,0f,0.014543897651582541f,-0.01454235937155569f,-0.9997884750411002f,0f,0f,0f,0f,1f],start_interpolation:0}