execute if entity @s[tag=aj.tux.bone.left_wing] run data modify entity @s {} merge value {transformation:[-0.9704044936466053f,-0.20789967776476528f,0.12285293116479558f,0.2782321272174656f,-0.20579785671768902f,0.9781437586055436f,0.029698984350067903f,0.9461540216727948f,-0.1263422371215612f,0.0035371579448453885f,-0.991980406879487f,0.06278495565372844f,0f,0f,0f,1f],start_interpolation:0}
execute if entity @s[tag=aj.tux.bone.right_wing] run data modify entity @s {} merge value {transformation:[-0.984613805421486f,0.12426910910454755f,0.12285293116479558f,-0.3416728387090405f,0.12880908578001796f,0.9912245909727474f,0.029698984350067903f,0.9271516980977792f,-0.11808418011713476f,0.04506660374680632f,-0.991980406879487f,-0.014556785459384096f,0f,0f,0f,1f],start_interpolation:0}
execute if entity @s[tag=aj.tux.bone.head] run data modify entity @s {} merge value {transformation:[-0.9918479454824097f,-0.03861094988079811f,0.1214365990615071f,-0.03383504612883998f,-0.030403717720024988f,0.9971721503253045f,0.06872638914135708f,0.9990963838776394f,-0.12374678578098007f,0.0644740037915337f,-0.9902170650135079f,0.025721690770316986f,0f,0f,0f,1f],start_interpolation:0}
execute if entity @s[tag=aj.tux.bone.body] run data modify entity @s {} merge value {transformation:[-0.9918479454824097f,-0.03383504612883998f,0.12285293116479558f,0f,-0.030403717720024988f,0.9990963838776394f,0.029698984350067903f,0f,-0.12374678578098007f,0.025721690770316986f,-0.991980406879487f,0f,0f,0f,0f,1f],start_interpolation:0}