execute if entity @s[tag=aj.tux.bone.left_wing] run data modify entity @s {} merge value {transformation:[-0.4195421813773266f,-0.9069961673078487f,-0.036637556332639216f,0.2878102413672645f,-0.9068692150290787f,0.4205633519106314f,-0.026733758849755623f,0.9446922751422022f,0.03965583031152996f,0.022009532447722302f,-0.9989709683487983f,-0.03583671651765408f,0f,0f,0f,1f],start_interpolation:0}
execute if entity @s[tag=aj.tux.bone.right_wing] run data modify entity @s {} merge value {transformation:[-0.500408438071185f,0.8650139216065426f,-0.036637556332639216f,-0.3365587311228595f,0.8657760650812554f,0.49971703119883876f,-0.026733758849755623f,0.9290500472574919f,-0.0048166627009840375f,-0.045097717865643136f,-0.9989709683487983f,-0.01251919309792578f,0f,0f,0f,1f],start_interpolation:0}
execute if entity @s[tag=aj.tux.bone.head] run data modify entity @s {} merge value {transformation:[-0.9989903559841984f,-0.02031766820501351f,-0.04006820446782668f,-0.025999194536317292f,-0.025027564615536704f,0.9923626476727813f,0.12078905792033762f,0.9993292386131701f,0.03730803747156527f,0.1216699135471811f,-0.9918692164178913f,-0.025789818461642588f,0f,0f,0f,1f],start_interpolation:0}
execute if entity @s[tag=aj.tux.bone.body] run data modify entity @s {} merge value {transformation:[-0.9989903559841984f,-0.025999194536317292f,-0.036637556332639216f,0f,-0.025027564615536704f,0.9993292386131701f,-0.026733758849755623f,0f,0.03730803747156527f,-0.025789818461642588f,-0.9989709683487983f,0f,0f,0f,0f,1f],start_interpolation:0}