execute if entity @s[tag=aj.tux.bone.left_wing] run data modify entity @s {} merge value {transformation:[-0.40428670940502226f,-0.913563768895446f,-0.04419837960838882f,0.35286095338070134f,-0.9132546480348236f,0.40585744984087f,-0.03529416738578724f,0.9218067522927479f,0.05018171421194592f,0.026095412819378678f,-0.9983991311036567f,-0.04820745799935032f,0f,0f,0f,1f],start_interpolation:0}
execute if entity @s[tag=aj.tux.bone.right_wing] run data modify entity @s {} merge value {transformation:[-0.33829449011765406f,0.9400017772302504f,-0.04419837960838882f,-0.27093073887130026f,0.9408626505631816f,0.33694479447495274f,-0.03529416738578724f,0.9501014583047848f,-0.018284166135227434f,-0.053524426948848416f,-0.9983991311036567f,-0.021592907672949874f,0f,0f,0f,1f],start_interpolation:0}
execute if entity @s[tag=aj.tux.bone.head] run data modify entity @s {} merge value {transformation:[-0.9980667076032026f,0.03886027422874324f,-0.048504909658406536f,0.04369611440501391f,0.04527152961925916f,0.989260223455011f,-0.1389773323088131f,0.9983510456520174f,0.04258328052224071f,-0.14090453994321334f,-0.9891069582423103f,-0.03722686169189344f,0f,0f,0f,1f],start_interpolation:0}
execute if entity @s[tag=aj.tux.bone.body] run data modify entity @s {} merge value {transformation:[-0.9980667076032026f,0.04369611440501391f,-0.04419837960838882f,0f,0.04527152961925916f,0.9983510456520174f,-0.03529416738578724f,0f,0.04258328052224071f,-0.03722686169189344f,-0.9983991311036567f,0f,0f,0f,0f,1f],start_interpolation:0}