execute if entity @s[tag=aj.tux.bone.left_wing] run data modify entity @s {} merge value {transformation:[-0.8598508531155263f,-0.5105340393001895f,0.003391918680373967f,0.38936070374851545f,-0.5105265052379118f,0.8598572285649777f,0.002869483249672489f,0.9082650060882388f,-0.004381534670183666f,0.0007356632302890913f,-0.9999901304280686f,0.003926969823193169f,0f,0f,0f,1f],start_interpolation:0}
execute if entity @s[tag=aj.tux.bone.right_wing] run data modify entity @s {} merge value {transformation:[-0.7825042756433275f,0.6226359718869262f,0.003391918680373967f,-0.23347182316652254f,0.6226446064887995f,0.7824994952562512f,0.002869483249672489f,0.9602341134029969f,-0.0008675311633697933f,0.004357342783739089f,-0.9999901304280686f,0.0019634776445183657f,0f,0f,0f,1f],start_interpolation:0}
execute if entity @s[tag=aj.tux.bone.head] run data modify entity @s {} merge value {transformation:[-0.9965320430640607f,0.08301238635391783f,-0.0057298218468795955f,0.0831407363103962f,0.08315057170361287f,0.9908580013298341f,-0.10623748691497047f,0.996532863728659f,-0.0031415874858796845f,-0.10634549784769483f,-0.994324275835401f,0.003141571982779485f,0f,0f,0f,1f],start_interpolation:0}
execute if entity @s[tag=aj.tux.bone.body] run data modify entity @s {} merge value {transformation:[-0.9965320430640607f,0.0831407363103962f,0.003391918680373967f,0f,0.08315057170361287f,0.996532863728659f,0.002869483249672489f,0f,-0.0031415874858796845f,0.003141571982779485f,-0.9999901304280686f,0f,0f,0f,0f,1f],start_interpolation:0}