execute if entity @s[tag=aj.tux.bone.left_wing] run data modify entity @s {} merge value {transformation:[-0.5318896661880208f,-0.8466143680436291f,-0.018371032210585597f,0.21345771104454608f,-0.8465998691220544f,0.5321176913110465f,-0.01092813782500596f,0.9647740588617542f,0.019027469745508778f,0.009740349885319705f,-0.9997715143867599f,-0.014467928083849443f,0f,0f,0f,1f],start_interpolation:0}
execute if entity @s[tag=aj.tux.bone.right_wing] run data modify entity @s {} merge value {transformation:[-0.7693603404525584f,0.6385508372199042f,-0.018371032210585597f,-0.40806086879321496f,0.6387749784731487f,0.7693159966361716f,-0.01092813782500596f,0.900024084970235f,0.007154957396909805f,-0.020142631542405403f,-0.9997715143867599f,-0.0023396224519705994f,0f,0f,0f,1f],start_interpolation:0}
execute if entity @s[tag=aj.tux.bone.head] run data modify entity @s {} merge value {transformation:[-0.9944297277404176f,-0.10334618613586997f,-0.020714304171006656f,-0.10378835079929007f,-0.10359995822643074f,0.9945517003949835f,0.011574277382571427f,0.9945590100437276f,0.01940528901100615f,0.013655806553148445f,-0.9997184372140899f,-0.008964026952437356f,0f,0f,0f,1f],start_interpolation:0}
execute if entity @s[tag=aj.tux.bone.body] run data modify entity @s {} merge value {transformation:[-0.9944297277404176f,-0.10378835079929007f,-0.018371032210585597f,0f,-0.10359995822643074f,0.9945590100437276f,-0.01092813782500596f,0f,0.01940528901100615f,-0.008964026952437356f,-0.9997715143867599f,0f,0f,0f,0f,1f],start_interpolation:0}