execute if entity @s[tag=aj.tux.bone.left_wing] run data modify entity @s {} merge value {transformation:[-0.7508171371187333f,-0.660502907084139f,0.0030880968622747805f,0.41566764453864075f,-0.6604983474095607f,0.7508234633393724f,0.0024617002882737844f,0.896532612173056f,-0.003944575778035297f,-0.00019139611128705936f,-0.9999922018143241f,0.0034906437593703503f,0f,0f,0f,1f],start_interpolation:0}
execute if entity @s[tag=aj.tux.bone.right_wing] run data modify entity @s {} merge value {transformation:[-0.6304113716719493f,0.7762550908847303f,0.0030880968622747805f,-0.20538641262750573f,0.7762612325638384f,0.6304065663126943f,0.0024617002882737844f,0.9666311992571707f,-0.00003584915838271679f,0.003949053731961852f,-0.9999922018143241f,0.0017453167757812181f,0f,0f,0f,1f],start_interpolation:0}
execute if entity @s[tag=aj.tux.bone.head] run data modify entity @s {} merge value {transformation:[-0.9936864914658344f,0.11218550433255124f,0.0012527154391109108f,0.11214999035260534f,0.11215773933458348f,0.9935946267075149f,-0.013797075244768087f,0.993687366096121f,-0.0027925231737426118f,-0.013569465560783507f,-0.999904031104345f,0.0027925122854141698f,0f,0f,0f,1f],start_interpolation:0}
execute if entity @s[tag=aj.tux.bone.body] run data modify entity @s {} merge value {transformation:[-0.9936864914658344f,0.11214999035260534f,0.0030880968622747805f,0f,0.11215773933458348f,0.993687366096121f,0.0024617002882737844f,0f,-0.0027925231737426118f,0.0027925122854141698f,-0.9999922018143241f,0f,0f,0f,0f,1f],start_interpolation:0}