execute if entity @s[tag=aj.tux.bone.left_wing] run data modify entity @s {} merge value {transformation:[-0.8310616736387128f,-0.5354978184273147f,0.15026170859007484f,0.20024380108096618f,-0.534445236804832f,0.8436764308404782f,0.05077764174219822f,0.9643927458953608f,-0.15396357837309727f,-0.038107302500423004f,-0.9873414050016804f,0.08007216615686438f,0f,0f,0f,1f],start_interpolation:0}
execute if entity @s[tag=aj.tux.bone.right_wing] run data modify entity @s {} merge value {transformation:[-0.95325053566881f,0.26217329226814545f,0.15026170859007484f,-0.41355541781866056f,0.2722753782656275f,0.960878634110162f,0.05077764174219822f,0.8973586625559268f,-0.1310707237999258f,0.08931637773595148f,-0.9873414050016804f,-0.016788303329143807f,0f,0f,0f,1f],start_interpolation:0}
execute if entity @s[tag=aj.tux.bone.head] run data modify entity @s {} merge value {transformation:[-0.9820787502394028f,-0.12392123293627443f,0.14200301530519116f,-0.113766195593437f,-0.10725453334309436f,0.9870150767332188f,0.11957300438925805f,0.9929340845073534f,-0.1549767511776131f,0.1021996395731026f,-0.9826176470354887f,0.033751393508117636f,0f,0f,0f,1f],start_interpolation:0}
execute if entity @s[tag=aj.tux.bone.body] run data modify entity @s {} merge value {transformation:[-0.9820787502394028f,-0.113766195593437f,0.15026170859007484f,0f,-0.10725453334309436f,0.9929340845073534f,0.05077764174219822f,0f,-0.1549767511776131f,0.033751393508117636f,-0.9873414050016804f,0f,0f,0f,0f,1f],start_interpolation:0}