execute if entity @s[tag=aj.tux.bone.left_wing] run data modify entity @s {} merge value {transformation:[-0.9911495075908123f,-0.13275019546453412f,0.00019800661171030985f,0.32043436006689946f,-0.13275015734484472f,0.9911495133557072f,0.0001946783594170663f,0.9348177686850173f,-0.00022209774710321652f,0.00016666995121494927f,-0.9999999614468583f,0.0002454369209362943f,0f,0f,0f,1f],start_interpolation:0}
execute if entity @s[tag=aj.tux.bone.right_wing] run data modify entity @s {} merge value {transformation:[-0.9890947605362745f,0.1472803974501407f,0.00019800661171030985f,-0.30454318020214793f,0.14728043567361798f,0.9890947555053184f,0.0001946783594170663f,0.9401148527347826f,-0.00016717499504815858f,0.00022171784532816935f,-0.9999999614468583f,0.0001227184586938969f,0f,0f,0f,1f],start_interpolation:0}
execute if entity @s[tag=aj.tux.bone.head] run data modify entity @s {} merge value {transformation:[-0.9999640644304758f,0.008477608602862436f,-2.447060806344916e-7f,0.008475295927867488f,0.008475334479624497f,0.9996951541385011f,-0.023189814519681304f,0.9999640647572265f,-0.00019634953958783593f,-0.023188983254455266f,-0.9997310800922832f,0.00019634953580276865f,0f,0f,0f,1f],start_interpolation:0}
execute if entity @s[tag=aj.tux.bone.body] run data modify entity @s {} merge value {transformation:[-0.9999640644304758f,0.008475295927867488f,0.00019800661171030985f,0f,0.008475334479624497f,0.9999640647572265f,0.0001946783594170663f,0f,-0.00019634953958783593f,0.00019634953580276865f,-0.9999999614468583f,0f,0f,0f,0f,1f],start_interpolation:0}