execute if entity @s[tag=aj.tux.bone.left_wing] run data modify entity @s {} merge value {transformation:[-0.9038022062537383f,-0.4279405850658773f,0.0029030370906098233f,0.3743813100578738f,-0.42793434739182323f,0.9038062558653892f,0.002538933028071854f,0.9145433366115503f,-0.0037102955689785654f,0.0010523839894774547f,-0.9999925630697107f,0.003408832463304602f,0f,0f,0f,1f],start_interpolation:0}
execute if entity @s[tag=aj.tux.bone.right_wing] run data modify entity @s {} merge value {transformation:[-0.8499240873402977f,0.526897160871467f,0.0029030370906098233f,-0.24922206596200355f,0.5269039473872641f,0.8499210457723694f,0.002538933028071854f,0.9562677223555878f,-0.0011295957158332214f,0.0036875220391560633f,-0.9999925630697107f,0.0017044114782708913f,0f,0f,0f,1f],start_interpolation:0}
execute if entity @s[tag=aj.tux.bone.head] run data modify entity @s {} merge value {transformation:[-0.9977654016318037f,0.06655945006386074f,-0.005834630555723402f,0.0667515968511308f,0.06675901719046004f,0.9895612698013976f,-0.12771737130402214f,0.997765898115807f,-0.0027270735760539363f,-0.12782148847608535f,-0.9917934412736699f,0.0027270634355069296f,0f,0f,0f,1f],start_interpolation:0}
execute if entity @s[tag=aj.tux.bone.body] run data modify entity @s {} merge value {transformation:[-0.9977654016318037f,0.0667515968511308f,0.0029030370906098233f,0f,0.06675901719046004f,0.997765898115807f,0.002538933028071854f,0f,-0.0027270735760539363f,0.0027270634355069296f,-0.9999925630697107f,0f,0f,0f,0f,1f],start_interpolation:0}