execute if entity @s[tag=aj.tux.bone.left_wing] run data modify entity @s {} merge value {transformation:[-0.5421185697155644f,-0.8394304179223063f,-0.038262642829959115f,0.4373732823426063f,-0.8390922774341979f,0.5432190674062157f,-0.02893431797386052f,0.8851382931718417f,0.04507334378368215f,0.016420057037157064f,-0.9988487249864488f,-0.04239473851427377f,0f,0f,0f,1f],start_interpolation:0}
execute if entity @s[tag=aj.tux.bone.right_wing] run data modify entity @s {} merge value {transformation:[-0.402370859289903f,0.9146768072701811f,-0.038262642829959115f,-0.1813089251754947f,0.9154094155896012f,0.4014827606427112f,-0.02893431797386052f,0.9712057626266883f,-0.011103758112012932f,-0.04666830989799606f,-0.9988487249864488f,-0.02118821116610995f,0f,0f,0f,1f],start_interpolation:0}
execute if entity @s[tag=aj.tux.bone.head] run data modify entity @s {} merge value {transformation:[-0.9898915320289616f,0.138912147149199f,-0.028603674444981304f,0.13656765715579283f,0.13770795112775458f,0.9896453985934597f,0.04047845400936523f,0.9900501630925493f,0.033930443757062105f,0.036130325450950726f,-0.9987709069497656f,-0.03391090649620465f,0f,0f,0f,1f],start_interpolation:0}
execute if entity @s[tag=aj.tux.bone.body] run data modify entity @s {} merge value {transformation:[-0.9898915320289616f,0.13656765715579283f,-0.038262642829959115f,0f,0.13770795112775458f,0.9900501630925493f,-0.02893431797386052f,0f,0.033930443757062105f,-0.03391090649620465f,-0.9988487249864488f,0f,0f,0f,0f,1f],start_interpolation:0}