execute if entity @s[tag=aj.tux.bone.left_wing] run data modify entity @s {} merge value {transformation:[-0.4116648195296157f,-0.910203670409568f,-0.04540214460352626f,0.36742022134209085f,-0.909840834245341f,0.4133313400280675f,-0.03669958705958308f,0.9159838158898405f,0.05217022811327161f,0.026200796238905255f,-0.9982944383172013f,-0.050383826540031006f,0f,0f,0f,1f],start_interpolation:0}
execute if entity @s[tag=aj.tux.bone.right_wing] run data modify entity @s {} merge value {transformation:[-0.323635266089878f,0.9450919848397479f,-0.04540214460352626f,-0.2558261916982648f,0.9459693044806232f,0.3221726482650292f,-0.03669958705958308f,0.9542357110734726f,-0.020057156413110643f,-0.05482631577594323f,-0.9982944383172013f,-0.02344498567426983f,0f,0f,0f,1f],start_interpolation:0}
execute if entity @s[tag=aj.tux.bone.head] run data modify entity @s {} merge value {transformation:[-0.9971942608645691f,0.05308147214647383f,-0.05278222630326355f,0.05951681581004057f,0.06120303229381159f,0.9841268304577231f,-0.16657902152215498f,0.9974504143804336f,0.04310214538521788f,-0.1693420765433064f,-0.9846143743492639f,-0.039375366514293776f,0f,0f,0f,1f],start_interpolation:0}
execute if entity @s[tag=aj.tux.bone.body] run data modify entity @s {} merge value {transformation:[-0.9971942608645691f,0.05951681581004057f,-0.04540214460352626f,0f,0.06120303229381159f,0.9974504143804336f,-0.03669958705958308f,0f,0.04310214538521788f,-0.039375366514293776f,-0.9982944383172013f,0f,0f,0f,0f,1f],start_interpolation:0}