execute if entity @s[tag=aj.tux.bone.left_wing] run data modify entity @s {} merge value {transformation:[-0.633221412647341f,-0.7739706987767081f,1.2246467991473532e-16f,0.4321948243856141f,-0.7739706987767081f,0.633221412647341f,0f,0.8886901224691811f,-7.754725761501316e-17f,-9.478407388907358e-17f,-1f,5.2928600829189475e-17f,0f,0f,0f,1f],start_interpolation:0}
execute if entity @s[tag=aj.tux.bone.right_wing] run data modify entity @s {} merge value {transformation:[-0.5f,0.8660254037844386f,1.2246467991473532e-16f,-0.1874582139730174f,0.8660254037844386f,0.5f,0f,0.9702689926067133f,-6.123233995736767e-17f,1.0605752387249069e-16f,-1f,-2.295701017159354e-17f,0f,0f,0f,1f],start_interpolation:0}
execute if entity @s[tag=aj.tux.bone.head] run data modify entity @s {} merge value {transformation:[-0.9914448613738104f,0.1301869240416918f,0.009404874482343055f,0.13052619222005157f,0.13052619222005157f,0.9888678637127173f,0.07143711402892017f,0.9914448613738104f,-1.2141697760125282e-16f,0.07205354206983561f,-0.9974007655276742f,1.5984848350717833e-17f,0f,0f,0f,1f],start_interpolation:0}
execute if entity @s[tag=aj.tux.bone.body] run data modify entity @s {} merge value {transformation:[-0.9914448613738104f,0.13052619222005157f,1.2246467991473532e-16f,0f,0.13052619222005157f,0.9914448613738104f,0f,0f,-1.2141697760125282e-16f,1.5984848350717833e-17f,-1f,0f,0f,0f,0f,1f],start_interpolation:0}