execute if entity @s[tag=aj.tux.bone.left_wing] run data modify entity @s {} merge value {transformation:[-0.47134476138669534f,-0.8815299246063234f,-0.02718653962697078f,0.24011735092695802f,-0.8814882163300047f,0.47187096345743773f,-0.017785339948847442f,0.9583057670529616f,0.02850684803105783f,0.015581587509592704f,-0.9994721475589078f,-0.02358420269704177f,0f,0f,0f,1f],start_interpolation:0}
execute if entity @s[tag=aj.tux.bone.right_wing] run data modify entity @s {} merge value {transformation:[-0.6624801327028458f,0.7485859775851609f,-0.02718653962697078f,-0.3828377449045732f,0.7490647980058633f,0.6622579633883908f,-0.017785339948847442f,0.911023679997359f,0.004690646272643071f,-0.03214691418363295f,-0.9994721475589078f,-0.005797892759501025f,0f,0f,0f,1f],start_interpolation:0}
execute if entity @s[tag=aj.tux.bone.head] run data modify entity @s {} merge value {transformation:[-0.9967281533304498f,-0.07203664551646154f,-0.036656650981874137f,-0.07611754345472808f,-0.0756513392889641f,0.9911263214487521f,0.10929542440217227f,0.9969757050935043f,0.028458095900065195f,0.11171095127247184f,-0.9933331768060212f,-0.015670450910156158f,0f,0f,0f,1f],start_interpolation:0}
execute if entity @s[tag=aj.tux.bone.body] run data modify entity @s {} merge value {transformation:[-0.9967281533304498f,-0.07611754345472808f,-0.02718653962697078f,0f,-0.0756513392889641f,0.9969757050935043f,-0.017785339948847442f,0f,0.028458095900065195f,-0.015670450910156158f,-0.9994721475589078f,0f,0f,0f,0f,1f],start_interpolation:0}