execute if entity @s[tag=aj.tux.bone.left_wing] run data modify entity @s {} merge value {transformation:[-0.6242485050828946f,-0.7811952029326364f,-0.0069180067077301115f,0.1938408001062436f,-0.7811928683663222f,0.6242790382483755f,-0.003658526654428705f,0.969001738220697f,0.007176790046338457f,0.003120467708556101f,-0.9999693777140931f,-0.004886260271293975f,0f,0f,0f,1f],start_interpolation:0}
execute if entity @s[tag=aj.tux.bone.right_wing] run data modify entity @s {} merge value {transformation:[-0.8600980109464387f,0.5100819078826182f,-0.0069180067077301115f,-0.42632132492652597f,0.5101124702207565f,0.8600999261178881f,-0.003658526654428705f,0.8915225910400626f,0.004084028802271318f,-0.0066756529891526285f,-0.9999693777140931f,-0.00031237494249011484f,0f,0f,0f,1f],start_interpolation:0}
execute if entity @s[tag=aj.tux.bone.head] run data modify entity @s {} merge value {transformation:[-0.9922594000524313f,-0.12417336181391114f,-0.0015030713291651282f,-0.1239896132374839f,-0.1239666354890152f,0.9911756292328024f,-0.0469376746387339f,0.9922796422724052f,0.007318216526086176f,-0.04638801818130971f,-0.9988966890905624f,-0.0027726054473515144f,0f,0f,0f,1f],start_interpolation:0}
execute if entity @s[tag=aj.tux.bone.body] run data modify entity @s {} merge value {transformation:[-0.9922594000524313f,-0.1239896132374839f,-0.0069180067077301115f,0f,-0.1239666354890152f,0.9922796422724052f,-0.003658526654428705f,0f,0.007318216526086176f,-0.0027726054473515144f,-0.9999693777140931f,0f,0f,0f,0f,1f],start_interpolation:0}