execute if entity @s[tag=aj.tux.bone.left_wing] run data modify entity @s {} merge value {transformation:[-0.46309520768323137f,-0.8850245457389168f,-0.04769048186429626f,0.4025924484063591f,-0.8845077950834491f,0.464913065488041f,-0.03875308987845378f,0.9008566714564651f,0.056469363883789765f,0.024236232754626406f,-0.9981101221630926f,-0.05421326386182206f,0f,0f,0f,1f],start_interpolation:0}
execute if entity @s[tag=aj.tux.bone.right_wing] run data modify entity @s {} merge value {transformation:[-0.35575447378484515f,0.9333618656885546f,-0.04769048186429626f,-0.21867909760644735f,0.9343805530387896f,0.3541626464321134f,-0.03875308987845378f,0.9633355698878617f,-0.019280469003467988f,-0.05834764391629363f,-0.9981101221630926f,-0.026954258640489788f,0f,0f,0f,1f],start_interpolation:0}
execute if entity @s[tag=aj.tux.bone.head] run data modify entity @s {} merge value {transformation:[-0.9940344736204902f,0.09675025429831514f,-0.050347329097443674f,0.09808712042661959f,0.09996623749023466f,0.9928094853096209f,-0.06584889703929644f,0.9942358620503077f,0.04361440835413164f,-0.07048910676450094f,-0.9965586130336046f,-0.04328934533456632f,0f,0f,0f,1f],start_interpolation:0}
execute if entity @s[tag=aj.tux.bone.body] run data modify entity @s {} merge value {transformation:[-0.9940344736204902f,0.09808712042661959f,-0.04769048186429626f,0f,0.09996623749023466f,0.9942358620503077f,-0.03875308987845378f,0f,0.04361440835413164f,-0.04328934533456632f,-0.9981101221630926f,0f,0f,0f,0f,1f],start_interpolation:0}