execute if entity @s[tag=aj.tux.bone.left_wing] run data modify entity @s {} merge value {transformation:[-0.49656011234678016f,-0.8676956653821534f,-0.02307134810051776f,0.22606466193231645f,-0.8676709149289819f,0.49692958289712696f,-0.014428202521133051f,0.9618172691596159f,0.02398412417530772f,0.012853867850165353f,-0.9996297013738807f,-0.019099983554093397f,0f,0f,0f,1f],start_interpolation:0}
execute if entity @s[tag=aj.tux.bone.right_wing] run data modify entity @s {} merge value {transformation:[-0.7172366061395808f,0.6964476747826792f,-0.02307134810051776f,-0.39619028324042904f,0.6967994308624783f,0.7171208964475484f,-0.014428202521133051f,0.9053067830484203f,0.006496457734960038f,-0.02642453723462291f,-0.9996297013738807f,-0.003922758262890751f,0f,0f,0f,1f],start_interpolation:0}
execute if entity @s[tag=aj.tux.bone.head] run data modify entity @s {} merge value {transformation:[-0.9956079122763928f,-0.08870930467292845f,-0.0299256458090417f,-0.09073366469766003f,-0.0904167777779128f,0.9939985071659286f,0.06157738260241986f,0.9957994945109526f,0.024283560465924232f,0.06401270980321655f,-0.9976535880127666f,-0.012278795635724878f,0f,0f,0f,1f],start_interpolation:0}
execute if entity @s[tag=aj.tux.bone.body] run data modify entity @s {} merge value {transformation:[-0.9956079122763928f,-0.09073366469766003f,-0.02307134810051776f,0f,-0.0904167777779128f,0.9957994945109526f,-0.014428202521133051f,0f,0.024283560465924232f,-0.012278795635724878f,-0.9996297013738807f,0f,0f,0f,0f,1f],start_interpolation:0}