execute if entity @s[tag=aj.tux.bone.left_wing] run data modify entity @s {} merge value {transformation:[-0.4334226977643908f,-0.9005523408914304f,-0.03391528236064401f,0.2713021621725176f,-0.9004591255342682f,0.4342801838036433f,-0.02396007507364384f,0.9497024124431597f,0.03630603675283732f,0.02015448511965725f,-0.9991374622267264f,-0.031983817785866744f,0f,0f,0f,1f],start_interpolation:0}
execute if entity @s[tag=aj.tux.bone.right_wing] run data modify entity @s {} merge value {transformation:[-0.5521376540878724f,0.8330628815165988f,-0.03391528236064401f,-0.3527480260105956f,0.8337520276396019f,0.5516189547226582f,-0.02396007507364384f,0.923053666367039f,-0.0012519365773015143f,-0.04150619507908758f,-0.9991374622267264f,-0.010161651046713915f,0f,0f,0f,1f],start_interpolation:0}
execute if entity @s[tag=aj.tux.bone.head] run data modify entity @s {} merge value {transformation:[-0.9984803010929811f,-0.036888549374223215f,-0.04094292679248904f,-0.04343779404697492f,-0.04263799372179309f,0.9877897998602481f,0.14984429513141817f,0.998803242032106f,0.03491546678264453f,0.1513623011754139f,-0.9878615105176602f,-0.022477583377376355f,0f,0f,0f,1f],start_interpolation:0}
execute if entity @s[tag=aj.tux.bone.body] run data modify entity @s {} merge value {transformation:[-0.9984803010929811f,-0.04343779404697492f,-0.03391528236064401f,0f,-0.04263799372179309f,0.998803242032106f,-0.02396007507364384f,0f,0.03491546678264453f,-0.022477583377376355f,-0.9991374622267264f,0f,0f,0f,0f,1f],start_interpolation:0}