execute if entity @s[tag=aj.tux.bone.left_wing] run data modify entity @s {} merge value {transformation:[-0.9811270021090139f,-0.1933631263100481f,0.000712120904923954f,0.33141352159596615f,-0.1933626523272547f,0.981127115630694f,0.0006838560990270221f,0.9309816411510019f,-0.0008309136826824172f,0.0005332520973585667f,-0.9999995126122075f,0.0008726643956122261f,0f,0f,0f,1f],start_interpolation:0}
execute if entity @s[tag=aj.tux.bone.right_wing] run data modify entity @s {} merge value {transformation:[-0.9736586759225396f,0.22800937630848375f,0.000712120904923954f,-0.2934582532304977f,0.22800985496729398f,0.9736585840933306f,0.0006838560990270221f,0.9436337018277738f,-0.0005374370293676141f,0.0008282130081510924f,-0.9999995126122075f,0.0004363321180574126f,0f,0f,0f,1f],start_interpolation:0}
execute if entity @s[tag=aj.tux.bone.head] run data modify entity @s {} merge value {transformation:[-0.9997948397223421f,0.020249240117477644f,-0.0004967285386726794f,0.02024280979491652f,0.02024329708283513f,0.9980550755398269f,-0.05895994498306976f,0.9997948495886804f,-0.0006981316440877017f,-0.0589579041677642f,-0.998260225666811f,0.0006981314739571406f,0f,0f,0f,1f],start_interpolation:0}
execute if entity @s[tag=aj.tux.bone.body] run data modify entity @s {} merge value {transformation:[-0.9997948397223421f,0.02024280979491652f,0.000712120904923954f,0f,0.02024329708283513f,0.9997948495886804f,0.0006838560990270221f,0f,-0.0006981316440877017f,0.0006981314739571406f,-0.9999995126122075f,0f,0f,0f,0f,1f],start_interpolation:0}