# This file was generated by Animated Java via MC-Build. It is not recommended to edit this file directly.
$data merge entity $(bone_head) { transformation: [-1f,1.2851582279354379e-17f,1.2178848327955955e-16f,-5.465930084229056e-18f,0f,0.9944784354505597f,-0.10494113313571024f,0.9998403671656455f,-1.2246467991473532e-16f,-0.10494113313571024f,-0.9944784354505597f,0.04463270624668802f,0f,0f,0f,1f], start_interpolation: 0, interpolation_duration: 1 }
$data merge entity $(bone_left_wing) { transformation: [-0.08714182982941354f,0.9961946980917453f,0.0015572372579606257f,0.34375f,0.9955574325249003f,0.0871418298294135f,-0.035660903499628735f,0.9680370027619281f,-0.03566090349962875f,-0.0015572372579603841f,-0.9993627344331548f,0.013946047702552637f,0f,0f,0f,1f], start_interpolation: 0, interpolation_duration: 1 }
$data merge entity $(bone_right_wing) { transformation: [-0.08710009551659537f,-0.9961946980917453f,-0.0031139773435263805f,-0.34375f,-0.9947613450318473f,0.0871418298294135f,-0.05344312794374292f,0.9680370027619281f,0.05351111839075773f,-0.0015572372579606283f,-0.9985660394889727f,0.013946047702552554f,0f,0f,0f,1f], start_interpolation: 0, interpolation_duration: 1 }
$data merge entity $(bone_body) { transformation: [-1f,2.1881124104419018e-18f,1.224451305307722e-16f,-7.654042494670958e-18f,0f,0.9998403671656455f,-0.01786729375331198f,0f,-1.2246467991473532e-16f,-0.01786729375331198f,-0.9998403671656455f,0.0625f,0f,0f,0f,1f], start_interpolation: 0, interpolation_duration: 1 }