# This file was generated by Animated Java via MC-Build. It is not recommended to edit this file directly.
$data merge entity $(bone_head) { transformation: [-1f,2.6506208041798655e-17f,1.195617780139768e-16f,-2.3122081828982343e-18f,0f,0.9762960071199334f,-0.21643961393810285f,0.9990482215818578f,-1.2246467991473532e-16f,-0.21643961393810285f,-0.9762960071199334f,0.018880612634664f,0f,0f,0f,1f], start_interpolation: 0, interpolation_duration: 1 }
$data merge entity $(bone_left_wing) { transformation: [-0.08707278979269384f,0.9961946980917455f,0.0038016801040238056f,0.34375f,0.9923966363447977f,0.08707278979269388f,-0.08698991579056167f,0.966464858802258f,-0.08698991579056169f,-0.0038016801040235536f,-0.9962019382530521f,-0.010976538434602265f,0f,0f,0f,1f], start_interpolation: 0, interpolation_duration: 1 }
$data merge entity $(bone_right_wing) { transformation: [-0.08682408883346528f,-0.9961946980917455f,-0.0075961234938958615f,-0.34375f,-0.9876576478103412f,0.08707278979269399f,-0.13019485396689642f,0.966464858802258f,0.1303608389048746f,-0.0038016801040238126f,-0.9914593279143649f,-0.010976538434602348f,0f,0f,0f,1f], start_interpolation: 0, interpolation_duration: 1 }
$data merge entity $(bone_body) { transformation: [-1f,5.341834311772723e-18f,1.223481206754078e-16f,-7.654042494670958e-18f,0f,0.9990482215818578f,-0.043619387365336f,0f,-1.2246467991473532e-16f,-0.043619387365336f,-0.9990482215818578f,0.0625f,0f,0f,0f,1f], start_interpolation: 0, interpolation_duration: 1 }