# This file was generated by Animated Java via MC-Build. It is not recommended to edit this file directly.
$data merge entity $(bone_head) { transformation: [-1f,3.364949681273875e-17f,1.177510475149502e-16f,2.669518583391037e-18f,0f,0.9615102705280664f,-0.2747689932817106f,0.9964405657587966f,-1.2246467991473532e-16f,-0.2747689932817106f,-0.9615102705280664f,-0.02179827347158103f,0f,0f,0f,1f], start_interpolation: 0, interpolation_duration: 1 }
$data merge entity $(bone_left_wing) { transformation: [-0.07655990848385338f,0.9970646353825577f,0.0008326358091506853f,0.34375f,0.9862826103457464f,0.07585443450650273f,-0.1466039470658247f,0.9626674770328473f,-0.1462367701452833f,-0.010402770551414722f,-0.9891949198324516f,-0.050302720105556475f,0f,0f,0f,1f], start_interpolation: 0, interpolation_duration: 1 }
$data merge entity $(bone_right_wing) { transformation: [-0.08072111132517293f,-0.9967137448440977f,-0.006768531988825485f,-0.34375f,-0.9792793453754339f,0.08057086230153268f,-0.18579639358461505f,0.9626674770328473f,0.18573116568710474f,-0.008369407795189649f,-0.9825649531230325f,-0.05030272010555656f,0f,0f,0f,1f], start_interpolation: 0, interpolation_duration: 1 }
$data merge entity $(bone_body) { transformation: [-1f,1.0323561078061994e-17f,1.220287749397088e-16f,-7.654042494670958e-18f,0f,0.9964405657587966f,-0.08429827347158103f,0f,-1.2246467991473532e-16f,-0.08429827347158103f,-0.9964405657587966f,0.0625f,0f,0f,0f,1f], start_interpolation: 0, interpolation_duration: 1 }