# This file was generated by Animated Java via MC-Build. It is not recommended to edit this file directly.
$data merge entity $(bone_head) { transformation: [-1f,3.274293068706133e-17f,1.1800634862854146e-16f,5.275041248547325e-18f,0f,0.9635949623246646f,-0.26736631908774217f,0.9944114513707665f,-1.2246467991473532e-16f,-0.26736631908774217f,-0.9635949623246646f,-0.04307398061400246f,0f,0f,0f,1f], start_interpolation: 0, interpolation_duration: 1 }
$data merge entity $(bone_left_wing) { transformation: [-0.0922866584584565f,0.995719286624663f,0.0051259061876209105f,0.34375f,0.9859732195895187f,0.09209991229118251f,-0.13919201273146062f,0.9600369066212424f,-0.1390682671311137f,-0.007791559511971009f,-0.990252143990368f,-0.07085015157515129f,0f,0f,0f,1f], start_interpolation: 0, interpolation_duration: 1 }
$data merge entity $(bone_right_wing) { transformation: [-0.08985294352175746f,-0.9959234156040371f,-0.007937177840044931f,-0.34375f,-0.9788325660153966f,0.08977678364806475f,-0.1839210070261768f,0.9600369066212424f,0.18388381181656602f,-0.008756675704696125f,-0.9829089807212124f,-0.07085015157515137f,0f,0f,0f,1f], start_interpolation: 0, interpolation_duration: 1 }
$data merge entity $(bone_body) { transformation: [-1f,1.2929083743218283e-17f,1.217802800956683e-16f,-7.654042494670958e-18f,0f,0.9944114513707665f,-0.10557398061400246f,0f,-1.2246467991473532e-16f,-0.10557398061400246f,-0.9944114513707665f,0.0625f,0f,0f,0f,1f], start_interpolation: 0, interpolation_duration: 1 }