# This file was generated by Animated Java via MC-Build. It is not recommended to edit this file directly.
$data merge entity $(bone_head) { transformation: [-1f,-1.0673500138322981e-17f,1.2199866483456202e-16f,-1.2995876806443681e-17f,0f,0.9961946980917457f,0.08715574274765825f,0.9990482215818578f,-1.2246467991473532e-16f,0.08715574274765825f,-0.9961946980917457f,0.106119387365336f,0f,0f,0f,1f], start_interpolation: 0, interpolation_duration: 1 }
$data merge entity $(bone_left_wing) { transformation: [-0.20066492470708677f,0.9796146418255416f,0.00942027140348154f,0.34375f,0.9567218047433508f,0.19388876872685887f,0.21700353381963372f,0.9691910705125915f,0.21075335423410338f,0.05255757683339962f,-0.976125363258468f,0.07353602458573623f,0f,0f,0f,1f], start_interpolation: 0, interpolation_duration: 1 }
$data merge entity $(bone_right_wing) { transformation: [-0.15380544714272304f,-0.9880930828130414f,-0.003993009672802996f,-0.34375f,-0.9796614888659331f,0.15196346105814906f,0.13103615430945698f,0.9691910705125915f,-0.12886912610167894f,0.024065872106543144f,-0.9913695487241583f,0.07353602458573615f,0f,0f,0f,1f], start_interpolation: 0, interpolation_duration: 1 }
$data merge entity $(bone_body) { transformation: [-1f,-5.341834311772723e-18f,1.223481206754078e-16f,-7.654042494670958e-18f,0f,0.9990482215818578f,0.043619387365336f,0f,-1.2246467991473532e-16f,0.043619387365336f,-0.9990482215818578f,0.0625f,0f,0f,0f,1f], start_interpolation: 0, interpolation_duration: 1 }