# This file was generated by Animated Java via MC-Build. It is not recommended to edit this file directly.
$data merge entity $(bone_head) { transformation: [-1f,-5.2737079389434013e-17f,1.105278167887664e-16f,-3.114777793460501e-17f,0f,0.9025281155817347f,0.4306309331486565f,0.9814260368820349f,-1.2246467991473532e-16f,0.4306309331486565f,-0.9025281155817347f,0.25434090838510587f,0f,0f,0f,1f], start_interpolation: 0, interpolation_duration: 1 }
$data merge entity $(bone_left_wing) { transformation: [-0.29073229804844064f,0.9563171372008602f,-0.03053299800910068f,0.34375f,0.7980887003836818f,0.2599836619614446f,0.5435650115975116f,0.9567515016165059f,0.5277586164065522f,0.1336638642605712f,-0.8388115486803774f,0.21767631634550777f,0f,0f,0f,1f], start_interpolation: 0, interpolation_duration: 1 }
$data merge entity $(bone_right_wing) { transformation: [-0.21109419403164925f,-0.9772417220861285f,0.020925053411313635f,-0.34375f,-0.8798088497234753f,0.19928783950522613f,0.4315330172461828f,0.9567515016165059f,-0.42588217759655483f,0.07268406730141858f,-0.9018544212710494f,0.21767631634550766f,0f,0f,0f,1f], start_interpolation: 0, interpolation_duration: 1 }
$data merge entity $(bone_body) { transformation: [-1f,-2.3493735439934054e-17f,1.2019002546674563e-16f,-7.654042494670958e-18f,0f,0.9814260368820349f,0.19184090838510587f,0f,-1.2246467991473532e-16f,0.19184090838510587f,-0.9814260368820349f,0.0625f,0f,0f,0f,1f], start_interpolation: 0, interpolation_duration: 1 }
execute on vehicle unless entity @s[tag=aj.transforms_only] positioned ^0 ^0.0119900568 ^0.0011608727 rotated ~0 ~11.060237037 run function animated_java:tux/animations/sneeze/zzz/frames/zzz/1