# This file was generated by Animated Java via MC-Build. It is not recommended to edit this file directly.
$data merge entity $(bone_head) { transformation: [-1f,-5.3585540165487944e-17f,1.1011897071709061e-16f,-2.857382782251975e-17f,0f,0.8991896340541594f,0.4375591411564238f,0.9853017299356917f,-1.2246467991473532e-16f,0.4375591411564238f,-0.8991896340541594f,0.23332301070328162f,0f,0f,0f,1f], start_interpolation: 0, interpolation_duration: 1 }
$data merge entity $(bone_left_wing) { transformation: [-0.30105778421151747f,0.9527969694701378f,-0.0392701608625799f,0.34375f,0.7900917527984117f,0.2722828940985522f,0.5491967295434763f,0.9598492699596788f,0.5339655726033141f,0.1343129202639798f,-0.8347699124456852f,0.19719411255831376f,0f,0f,0f,1f], start_interpolation: 0, interpolation_duration: 1 }
$data merge entity $(bone_right_wing) { transformation: [-0.21824994365713762f,-0.975547373484074f,0.02596698253515582f,-0.34375f,-0.8772145539678449f,0.20777138825810224f,0.43281136367740647f,0.9598492699596788f,-0.42762318505975744f,0.07168244073429536f,-0.9011104478862304f,0.19719411255831365f,0f,0f,0f,1f], start_interpolation: 0, interpolation_duration: 1 }
$data merge entity $(bone_body) { transformation: [-1f,-2.091978532784879e-17f,1.2066466097600947e-16f,-7.654042494670958e-18f,0f,0.9853017299356917f,0.17082301070328162f,0f,-1.2246467991473532e-16f,0.17082301070328162f,-0.9853017299356917f,0.0625f,0f,0f,0f,1f], start_interpolation: 0, interpolation_duration: 1 }