# This file was generated by Animated Java via MC-Build. It is not recommended to edit this file directly.
$data merge entity $(bone_head) { transformation: [-1f,-4.686520405326298e-17f,1.1314261122877005e-16f,-2.363889084538879e-17f,0f,0.9238795325112867f,0.3826834323650897f,0.9914448613738104f,-1.2246467991473532e-16f,0.3826834323650897f,-0.9238795325112867f,0.19302619222005157f,0f,0f,0f,1f], start_interpolation: 0, interpolation_duration: 1 }
$data merge entity $(bone_left_wing) { transformation: [-0.2942287666792173f,0.9551528714031113f,-0.033353037475137105f,0.34375f,0.8233916238909595f,0.2710496657612216f,0.49855622791911675f,0.9645411529627554f,0.48523774231260586f,0.1192269723725352f,-0.8662154827144593f,0.15796459679524344f,0f,0f,0f,1f], start_interpolation: 0, interpolation_duration: 1 }
$data merge entity $(bone_right_wing) { transformation: [-0.21349525055864943f,-0.976683641383825f,0.022557540693338266f,-0.34375f,-0.9010838079273897f,0.20578565672501856f,0.38170700095404053f,0.9645411529627554f,-0.3774490019591714f,0.061166397143243234f,-0.9240080750624101f,0.15796459679524333f,0f,0f,0f,1f], start_interpolation: 0, interpolation_duration: 1 }
$data merge entity $(bone_body) { transformation: [-1f,-1.5984848350717833e-17f,1.2141697760125282e-16f,-7.654042494670958e-18f,0f,0.9914448613738104f,0.13052619222005157f,0f,-1.2246467991473532e-16f,0.13052619222005157f,-0.9914448613738104f,0.0625f,0f,0f,0f,1f], start_interpolation: 0, interpolation_duration: 1 }