# This file was generated by Animated Java via MC-Build. It is not recommended to edit this file directly.
$data merge entity $(bone_head) { transformation: [-1f,-2.7324841134728874e-17f,1.193773466097333e-16f,-1.5663615781262505e-17f,0f,0.9747900104164602f,0.22312426042964792f,0.9978589232386035f,-1.2246467991473532e-16f,0.22312426042964792f,-0.9747900104164602f,0.12790312923014313f,0f,0f,0f,1f], start_interpolation: 0, interpolation_duration: 1 }
$data merge entity $(bone_left_wing) { transformation: [-0.2386719787827172f,0.9710888405583028f,-0.004706409148477137f,0.34375f,0.9162023026607904f,0.22678322737722892f,0.3303675352988439f,0.9687196796758392f,0.321883561467508f,0.07453745047624565f,-0.9438406334405688f,0.09467619009049486f,0f,0f,0f,1f], start_interpolation: 0, interpolation_duration: 1 }
$data merge entity $(bone_right_wing) { transformation: [-0.1769232963687921f,-0.9841897189202257f,0.008291222691980606f,-0.34375f,-0.9542314605804432f,0.17358947197781402f,0.24353442232460265f,0.9687196796758392f,-0.24112334362420157f,0.035175167237571886f,-0.9698568145707355f,0.09467619009049477f,0f,0f,0f,1f], start_interpolation: 0, interpolation_duration: 1 }
$data merge entity $(bone_body) { transformation: [-1f,-8.009573286591548e-18f,1.2220247363447802e-16f,-7.654042494670958e-18f,0f,0.9978589232386035f,0.06540312923014313f,0f,-1.2246467991473532e-16f,0.06540312923014313f,-0.9978589232386035f,0.0625f,0f,0f,0f,1f], start_interpolation: 0, interpolation_duration: 1 }