# This file was generated by Animated Java via MC-Build. It is not recommended to edit this file directly.
$data merge entity $(bone_head) { transformation: [-1f,-1.5873542151316377e-17f,1.2143157944368905e-16f,-1.1660974499543488e-17f,0f,0.9915640944657221f,0.12961730812809175f,0.9994645874763657f,-1.2246467991473532e-16f,0.12961730812809175f,-0.9915640944657221f,0.09521908282177613f,0f,0f,0f,1f], start_interpolation: 0, interpolation_duration: 1 }
$data merge entity $(bone_left_wing) { transformation: [-0.1919191779625066f,0.9813909425880553f,0.00623273104859449f,0.34375f,0.9591756305613898f,0.18622302642287508f,0.2128452352463293f,0.9692537904559098f,0.20772370800502238f,0.046827366315367026f,-0.977066046332903f,0.06296334312495924f,0f,0f,0f,1f], start_interpolation: 0, interpolation_duration: 1 }
$data merge entity $(bone_right_wing) { transformation: [-0.1483033036318839f,-0.9889401049171745f,0.001897107871788341f,-0.34375f,-0.9772171057500688f,0.14683928019642697f,0.15324801473707383f,0.9692537904559098f,-0.15183167772677886f,0.02087330059677102f,-0.9881859374433886f,0.06296334312495916f,0f,0f,0f,1f], start_interpolation: 0, interpolation_duration: 1 }
$data merge entity $(bone_body) { transformation: [-1f,-4.006932004872529e-18f,1.223991107914061e-16f,-7.654042494670958e-18f,0f,0.9994645874763657f,0.03271908282177614f,0f,-1.2246467991473532e-16f,0.03271908282177614f,-0.9994645874763657f,0.0625f,0f,0f,0f,1f], start_interpolation: 0, interpolation_duration: 1 }