# This file was generated by Animated Java via MC-Build. It is not recommended to edit this file directly.
$data merge entity $(bone_head) { transformation: [-1f,-9.254634323411147e-18f,1.221144936940678e-16f,-9.657776721159467e-18f,0f,0.9971405125060437f,0.07556982413096236f,0.9998661379095618f,-1.2246467991473532e-16f,0.07556982413096236f,-0.9971405125060437f,0.07886173162648681f,0f,0f,0f,1f], start_interpolation: 0, interpolation_duration: 1 }
$data merge entity $(bone_left_wing) { transformation: [-0.15610336656927462f,0.9877044266889813f,0.008467847703475317f,0.34375f,0.9790892654215484f,0.15359821716625652f,0.13338589887855504f,0.9691316252132157f,0.13044519646974848f,0.02911276665550848f,-0.9910280003792177f,0.04710461070348533f,0f,0f,0f,1f], start_interpolation: 0, interpolation_duration: 1 }
$data merge entity $(bone_right_wing) { transformation: [-0.12709787574396925f,-0.9918900607997275f,-0.00048710171778721826f,-0.34375f,-0.987445022875526f,0.12648183076441988f,0.09462913549659205f,0.9691316252132157f,-0.09380008944410612f,0.012508148271968177f,-0.9955124757867598f,0.04710461070348525f,0f,0f,0f,1f], start_interpolation: 0, interpolation_duration: 1 }
$data merge entity $(bone_body) { transformation: [-1f,-2.003734226488509e-18f,1.224482865366771e-16f,-7.654042494670958e-18f,0f,0.9998661379095618f,0.01636173162648681f,0f,-1.2246467991473532e-16f,0.01636173162648681f,-0.9998661379095618f,0.0625f,0f,0f,0f,1f], start_interpolation: 0, interpolation_duration: 1 }