# This file was generated by Animated Java via MC-Build. It is not recommended to edit this file directly.
$data merge entity $(bone_head) { transformation: [-1f,1.953928697426284e-17f,1.2089588120013014e-16f,-4.061995857270543e-18f,0f,0.9871897863473987f,-0.15955038618372946f,0.9995697452506392f,-1.2246467991473532e-16f,-0.15955038618372946f,-0.9871897863473987f,0.03316871329838662f,0f,0f,0f,1f], start_interpolation: 0, interpolation_duration: 1 }
$data merge entity $(bone_left_wing) { transformation: [-0.08711824357540743f,0.9961946980917453f,0.0025563900782237534f,0.34375f,0.9944773231266042f,0.08711824357540744f,-0.05852576717377931f,0.9674165880021314f,-0.05852576717377932f,-0.0025563900782235157f,-0.9982826250348589f,0.002848761468729609f,0f,0f,0f,1f], start_interpolation: 0, interpolation_duration: 1 }
$data merge entity $(bone_right_wing) { transformation: [-0.08700577832704749f,-0.9961946980917454f,-0.005110580358502387f,-0.34375f,-0.9923328084787915f,0.08711824357540722f,-0.08766988566737224f,0.9674165880021314f,0.08778150006862945f,-0.00255639007822376f,-0.9961364731378273f,0.0028487614687295257f,0f,0f,0f,1f], start_interpolation: 0, interpolation_duration: 1 }
$data merge entity $(bone_body) { transformation: [-1f,3.592046637400415e-18f,1.2241198890457307e-16f,-7.654042494670958e-18f,0f,0.9995697452506392f,-0.029331286701613373f,0f,-1.2246467991473532e-16f,-0.029331286701613373f,-0.9995697452506392f,0.0625f,0f,0f,0f,1f], start_interpolation: 0, interpolation_duration: 1 }