# This file was generated by Animated Java via MC-Build. It is not recommended to edit this file directly.
$data merge entity $(bone_head) { transformation: [-1f,-5.424937350536693e-18f,1.2234446404051688e-16f,-8.655943137604882e-18f,0f,0.9990183628920426f,0.044297975173852144f,0.9999665339174011f,-1.2246467991473532e-16f,0.044297975173852144f,-0.9990183628920426f,0.07068113960393713f,0f,0f,0f,1f], start_interpolation: 0, interpolation_duration: 1 }
$data merge entity $(bone_left_wing) { transformation: [-0.1303495797572889f,0.9914420471209672f,0.007187089653281385f,0.34375f,0.9882979401614487f,0.12935016226357743f,0.0808437814245722f,0.9689732403451053f,0.07922227293972305f,0.017640938834776757f,-0.996700872251696f,0.03917652480639535f,0f,0f,0f,1f], start_interpolation: 0, interpolation_duration: 1 }
$data merge entity $(bone_right_wing) { transformation: [-0.11208604288368351f,-0.9936979537094182f,-0.0010467972067432626f,-0.34375f,-0.9920994268044889f,0.1118458711422718f,0.05682630062418983f,0.9689732403451053f,-0.056351098701636175f,0.007407962077474556f,-0.9983835314011229f,0.03917652480639527f,0f,0f,0f,1f], start_interpolation: 0, interpolation_duration: 1 }
$data merge entity $(bone_body) { transformation: [-1f,-1.0019006429339248e-18f,1.2246058150164184e-16f,-7.654042494670958e-18f,0f,0.9999665339174011f,0.008181139603937128f,0f,-1.2246467991473532e-16f,0.008181139603937128f,-0.9999665339174011f,0.0625f,0f,0f,0f,1f], start_interpolation: 0, interpolation_duration: 1 }