# This file was generated by Animated Java via MC-Build. It is not recommended to edit this file directly.
$data merge entity $(bone_head) { transformation: [-1f,2.3010208752458075e-17f,1.202835322053143e-16f,-3.209576037869316e-18f,0f,0.9821895773463857f,-0.1878926133516919f,0.9993412348148973f,-1.2246467991473532e-16f,-0.1878926133516919f,-0.9821895773463857f,0.02620817724836212f,0f,0f,0f,1f], start_interpolation: 0, interpolation_duration: 1 }
$data merge entity $(bone_left_wing) { transformation: [-0.08709832757865443f,0.9961946980917455f,0.003163040767585488f,0.34375f,0.9935655172439121f,0.08709832757865443f,-0.0723978195585959f,0.9669777017659431f,-0.07239781955859591f,-0.003163040767585244f,-0.9973708191521666f,-0.003887116878614705f,0f,0f,0f,1f], start_interpolation: 0, interpolation_duration: 1 }
$data merge entity $(bone_right_wing) { transformation: [-0.08692615771787161f,-0.9961946980917453f,-0.0063219141328971174f,-0.34375f,-0.9902835420370075f,0.08709832757865454f,-0.10840843003954881f,0.9669777017659431f,0.10854653138191962f,-0.0031630407675854984f,-0.9940863371448461f,-0.003887116878614788f,0f,0f,0f,1f], start_interpolation: 0, interpolation_duration: 1 }
$data merge entity $(bone_body) { transformation: [-1f,4.444466456801642e-18f,1.2238400444720276e-16f,-7.654042494670958e-18f,0f,0.9993412348148973f,-0.03629182275163788f,0f,-1.2246467991473532e-16f,-0.03629182275163788f,-0.9993412348148973f,0.0625f,0f,0f,0f,1f], start_interpolation: 0, interpolation_duration: 1 }