# This file was generated by Animated Java via MC-Build. It is not recommended to edit this file directly.
$data merge entity $(bone_head) { transformation: [-1f,2.4793675545885897e-17f,1.1992860992917376e-16f,-2.727355527414447e-18f,0f,0.9792914170246698f,-0.20245572489266475f,0.9991904679231782f,-1.2246467991473532e-16f,-0.20245572489266475f,-0.9792914170246698f,0.022270547959732864f,0f,0f,0f,1f], start_interpolation: 0, interpolation_duration: 1 }
$data merge entity $(bone_left_wing) { transformation: [-0.0870851873782249f,0.9961946980917454f,0.0035062277729009045f,0.34375f,0.9929640390029638f,0.0870851873782249f,-0.08024080873358677f,0.9667085954243205f,-0.08024080873358679f,-0.0035062277729006604f,-0.9967693409112183f,-0.007696983786608075f,0f,0f,0f,1f], start_interpolation: 0, interpolation_duration: 1 }
$data merge entity $(bone_right_wing) { transformation: [-0.08687363550359418f,-0.9961946980917453f,-0.007006778738099832f,-0.34375f,-0.98893215899564f,0.08708518737822502f,-0.12012225040982649f,0.9667085954243205f,0.12027533562044335f,-0.0035062277729009084f,-0.9927343803899381f,-0.007696983786608158f,0f,0f,0f,1f], start_interpolation: 0, interpolation_duration: 1 }
$data merge entity $(bone_body) { transformation: [-1f,4.92668696725651e-18f,1.2236554082806662e-16f,-7.654042494670958e-18f,0f,0.9991904679231782f,-0.040229452040267136f,0f,-1.2246467991473532e-16f,-0.040229452040267136f,-0.9991904679231782f,0.0625f,0f,0f,0f,1f], start_interpolation: 0, interpolation_duration: 1 }