# This file was generated by Animated Java via MC-Build. It is not recommended to edit this file directly.
$data merge entity $(bone_head) { transformation: [-1f,2.5690462918111836e-17f,1.1973970912638672e-16f,-2.4790394673376476e-18f,0f,0.9777489249125068f,-0.20977854950503716f,0.9991067695428364f,-1.2246467991473532e-16f,-0.20977854950503716f,-0.9777489249125068f,0.02024289345355454f,0f,0f,0f,1f], start_interpolation: 0, interpolation_duration: 1 }
$data merge entity $(bone_left_wing) { transformation: [-0.08707789258371967f,0.9961946980917453f,0.003682949507422512f,0.34375f,0.9926301669714156f,0.08707789258371966f,-0.08427806500790841f,0.9665641484150463f,-0.08427806500790841f,-0.0036829495074222817f,-0.9964354688796705f,-0.00965865851508263f,0f,0f,0f,1f], start_interpolation: 0, interpolation_duration: 1 }
$data merge entity $(bone_right_wing) { transformation: [-0.08684448116817779f,-0.9961946980917453f,-0.0073593195695002105f,-0.34375f,-0.98818217230101f,0.08707789258371955f,-0.12614846400029958f,0.9665641484150463f,0.1263092650484781f,-0.0036829495074225172f,-0.9919840751977015f,-0.009658658515082713f,0f,0f,0f,1f], start_interpolation: 0, interpolation_duration: 1 }
$data merge entity $(bone_body) { transformation: [-1f,5.17500302733331e-18f,1.223552907327087e-16f,-7.654042494670958e-18f,0f,0.9991067695428364f,-0.04225710654644546f,0f,-1.2246467991473532e-16f,-0.04225710654644546f,-0.9991067695428364f,0.0625f,0f,0f,0f,1f], start_interpolation: 0, interpolation_duration: 1 }