# This file was generated by Animated Java via MC-Build. It is not recommended to edit this file directly.
$data merge entity $(bone_head) { transformation: [-1f,2.6126600288753805e-17f,1.1964530322570237e-16f,-2.366874379294417e-18f,0f,0.9769780422322918f,-0.21333988140045082f,0.9990676111885156f,-1.2246467991473532e-16f,-0.21333988140045082f,-0.9769780422322918f,0.019326996003601424f,0f,0f,0f,1f], start_interpolation: 0, interpolation_duration: 1 }
$data merge entity $(bone_left_wing) { transformation: [-0.08707447970826421f,0.9961946980917452f,0.003762775229953865f,0.34375f,0.9924739742773114f,0.08707447970826428f,-0.08610136680525726f,0.9664975919639871f,-0.08610136680525726f,-0.003762775229953638f,-0.9962792761855661f,-0.010544710471152186f,0f,0f,0f,1f], start_interpolation: 0, interpolation_duration: 1 }
$data merge entity $(bone_right_wing) { transformation: [-0.08683084212757765f,-0.9961946980917454f,-0.007518533720858273f,-0.34375f,-0.9878313479948272f,0.08707447970826372f,-0.12886916971199047f,0.9664975919639871f,0.12903345602648303f,-0.0037627752299538506f,-0.991633101882158f,-0.010544710471152269f,0f,0f,0f,1f], start_interpolation: 0, interpolation_duration: 1 }
$data merge entity $(bone_body) { transformation: [-1f,5.2871681153765404e-18f,1.223504952173808e-16f,-7.654042494670958e-18f,0f,0.9990676111885156f,-0.043173003996398576f,0f,-1.2246467991473532e-16f,-0.043173003996398576f,-0.9990676111885156f,0.0625f,0f,0f,0f,1f], start_interpolation: 0, interpolation_duration: 1 }