# This file was generated by Animated Java via MC-Build. It is not recommended to edit this file directly.
$data merge entity $(bone_head) { transformation: [-1f,2.63304754123226e-17f,1.1960060155024157e-16f,-2.325180631452572e-18f,0f,0.9766130253515724f,-0.21500464812103295f,0.9990528408753588f,-1.2246467991473532e-16f,-0.21500464812103295f,-0.9766130253515724f,0.01898654071583295f,0f,0f,0f,1f], start_interpolation: 0, interpolation_duration: 1 }
$data merge entity $(bone_left_wing) { transformation: [-0.08707319239065026f,0.9961946980917453f,0.003792447863431692f,0.34375f,0.9924150608530685f,0.08707319239065026f,-0.08677906521103367f,0.9664726439953737f,-0.08677906521103368f,-0.003792447863431461f,-0.9962203627613231f,-0.010874064958891747f,0f,0f,0f,1f], start_interpolation: 0, interpolation_duration: 1 }
$data merge entity $(bone_right_wing) { transformation: [-0.08682569769627292f,-0.9961946980917454f,-0.007577711623665873f,-0.34375f,-0.9876990285519718f,0.08707319239065014f,-0.12988028397101536f,0.9664726439953737f,0.13004586582066416f,-0.0037924478634316894f,-0.991500726233802f,-0.01087406495889183f,0f,0f,0f,1f], start_interpolation: 0, interpolation_duration: 1 }
$data merge entity $(bone_body) { transformation: [-1f,5.328861863218386e-18f,1.2234868637570782e-16f,-7.654042494670958e-18f,0f,0.9990528408753588f,-0.04351345928416705f,0f,-1.2246467991473532e-16f,-0.04351345928416705f,-0.9990528408753588f,0.0625f,0f,0f,0f,1f], start_interpolation: 0, interpolation_duration: 1 }