# This file was generated by Animated Java via MC-Build. It is not recommended to edit this file directly.
$data merge entity $(bone_head) { transformation: [-1f,2.6423018693673512e-17f,1.1958019028974805e-16f,-2.3139164854504183e-18f,0f,0.9764463547612621f,-0.21576032136016887f,0.9990488305260147f,-1.2246467991473532e-16f,-0.21576032136016887f,-0.9764463547612621f,0.018894561983597694f,0f,0f,0f,1f], start_interpolation: 0, interpolation_duration: 1 }
$data merge entity $(bone_left_wing) { transformation: [-0.0870728428656744f,0.9961946980917454f,0.0038004643381566454f,0.34375f,0.992399065173824f,0.08707284286567438f,-0.08696214968254526f,0.9664658846340641f,-0.08696214968254527f,-0.0038004643381564043f,-0.9962043670820786f,-0.010963044032327646f,0f,0f,0f,1f], start_interpolation: 0, interpolation_duration: 1 }
$data merge entity $(bone_right_wing) { transformation: [-0.08682430092339645f,-0.9961946980917452f,-0.007593698904982068f,-0.34375f,-0.9876631028492637f,0.08707284286567449f,-0.13015342986434786f,0.9664658846340641f,0.1303193617208419f,-0.0038004643381566463f,-0.9914647852705041f,-0.010963044032327729f,0f,0f,0f,1f], start_interpolation: 0, interpolation_duration: 1 }
$data merge entity $(bone_body) { transformation: [-1f,5.340126009220539e-18f,1.2234819524955904e-16f,-7.654042494670958e-18f,0f,0.9990488305260147f,-0.043605438016402306f,0f,-1.2246467991473532e-16f,-0.043605438016402306f,-0.9990488305260147f,0.0625f,0f,0f,0f,1f], start_interpolation: 0, interpolation_duration: 1 }