# This file was generated by Animated Java via MC-Build. It is not recommended to edit this file directly.
$data merge entity $(bone_head) { transformation: [-1f,2.6465397558728742e-17f,1.1957081817348668e-16f,-2.3122615673372277e-18f,0f,0.9763698256243069f,-0.21610637105453573f,0.9990482406143109f,-1.2246467991473532e-16f,-0.21610637105453573f,-0.9763698256243069f,0.01888104855168947f,0f,0f,0f,1f], start_interpolation: 0, interpolation_duration: 1 }
$data merge entity $(bone_left_wing) { transformation: [-0.08707279145148172f,0.9961946980917454f,0.0038016421113516758f,0.34375f,0.9923967122574412f,0.08707279145148179f,-0.08698904810071287f,0.966464890862354f,-0.08698904810071287f,-0.0038016421113514437f,-0.9962020141656958f,-0.010976116734747993f,0f,0f,0f,1f], start_interpolation: 0, interpolation_duration: 1 }
$data merge entity $(bone_right_wing) { transformation: [-0.08682409546230076f,-0.9961946980917455f,-0.007596047725581975f,-0.34375f,-0.9876578183065834f,0.08707279145148168f,-0.13019355946715117f,0.966464890862354f,0.1303595427463335f,-0.003801642111351686f,-0.9914594984830314f,-0.010976116734748076f,0f,0f,0f,1f], start_interpolation: 0, interpolation_duration: 1 }
$data merge entity $(bone_body) { transformation: [-1f,5.34178092733373e-18f,1.2234812300621106e-16f,-7.654042494670958e-18f,0f,0.9990482406143109f,-0.04361895144831053f,0f,-1.2246467991473532e-16f,-0.04361895144831053f,-0.9990482406143109f,0.0625f,0f,0f,0f,1f], start_interpolation: 0, interpolation_duration: 1 }