# This file was generated by Animated Java via MC-Build. It is not recommended to edit this file directly.
$data merge entity $(bone_head) { transformation: [-1f,4.188510265127037e-18f,1.2239303169861225e-16f,-7.654042494670958e-18f,0f,0.9994149479166323f,-0.03420178183655272f,1f,-1.2246467991473532e-16f,-0.03420178183655272f,-0.9994149479166323f,0.0625f,0f,0f,0f,1f], start_interpolation: 0, interpolation_duration: 1 }
$data merge entity $(bone_left_wing) { transformation: [-0.155055239917674f,0.9879058014679701f,1.2246467991473532e-16f,0.34375f,0.9879058014679701f,0.155055239917674f,0f,0.96875f,-1.8988790325620437e-17f,1.2098356776268503e-16f,-1f,0.03125000000000004f,0f,0f,0f,1f], start_interpolation: 0, interpolation_duration: 1 }
$data merge entity $(bone_right_wing) { transformation: [-0.155055239917674f,-0.9879058014679701f,1.2246467991473532e-16f,-0.34375f,-0.9879058014679701f,0.155055239917674f,0f,0.96875f,-1.8988790325620437e-17f,-1.2098356776268503e-16f,-1f,0.03124999999999996f,0f,0f,0f,1f], start_interpolation: 0, interpolation_duration: 1 }