# This file was generated by Animated Java via MC-Build. It is not recommended to edit this file directly.
$data merge entity $(bone_head) { transformation: [-1f,4.507584776063812e-18f,1.2238169596024226e-16f,-7.654042494670958e-18f,0f,0.9993223845883495f,-0.03680722294135883f,1f,-1.2246467991473532e-16f,-0.03680722294135883f,-0.9993223845883495f,0.0625f,0f,0f,0f,1f], start_interpolation: 0, interpolation_duration: 1 }
$data merge entity $(bone_left_wing) { transformation: [-0.1602042187124042f,0.9870838912203704f,1.2246467991473532e-16f,0.34375f,0.9870838912203704f,0.1602042187124042f,0f,0.96875f,-1.9619358365604832e-17f,1.208829127872941e-16f,-1f,0.03125000000000004f,0f,0f,0f,1f], start_interpolation: 0, interpolation_duration: 1 }
$data merge entity $(bone_right_wing) { transformation: [-0.1602042187124042f,-0.9870838912203704f,1.2246467991473532e-16f,-0.34375f,-0.9870838912203704f,0.1602042187124042f,0f,0.96875f,-1.9619358365604832e-17f,-1.208829127872941e-16f,-1f,0.03124999999999996f,0f,0f,0f,1f], start_interpolation: 0, interpolation_duration: 1 }