# This file was generated by Animated Java via MC-Build. It is not recommended to edit this file directly.
$data merge entity $(bone_head) { transformation: [-1f,5.303130327233479e-18f,1.223498043944123e-16f,-7.654042494670958e-18f,0f,0.999061970190891f,-0.043303345347619614f,1f,-1.2246467991473532e-16f,-0.043303345347619614f,-0.999061970190891f,0.0625f,0f,0f,0f,1f], start_interpolation: 0, interpolation_duration: 1 }
$data merge entity $(bone_left_wing) { transformation: [-0.17302507295914427f,0.984917419953309f,1.2246467991473532e-16f,0.34375f,0.984917419953309f,0.17302507295914427f,0f,0.96875f,-2.118946017716533e-17f,1.2061759657702893e-16f,-1f,0.03125000000000004f,0f,0f,0f,1f], start_interpolation: 0, interpolation_duration: 1 }
$data merge entity $(bone_right_wing) { transformation: [-0.17302507295914427f,-0.984917419953309f,1.2246467991473532e-16f,-0.34375f,-0.984917419953309f,0.17302507295914427f,0f,0.96875f,-2.118946017716533e-17f,-1.2061759657702893e-16f,-1f,0.03124999999999996f,0f,0f,0f,1f], start_interpolation: 0, interpolation_duration: 1 }