# This file was generated by Animated Java via MC-Build. It is not recommended to edit this file directly.
$data merge entity $(bone_head) { transformation: [-1f,4.786583057176991e-18f,1.2237110136488648e-16f,-7.654042494670958e-18f,0f,0.9992358731520469f,-0.03908541679535354f,1f,-1.2246467991473532e-16f,-0.03908541679535354f,-0.9992358731520469f,0.0625f,0f,0f,0f,1f], start_interpolation: 0, interpolation_duration: 1 }
$data merge entity $(bone_left_wing) { transformation: [-0.16470331719015752f,0.986343153931003f,1.2246467991473532e-16f,0.34375f,0.986343153931003f,0.16470331719015752f,0f,0.96875f,-2.0170339020587765e-17f,1.2079219863225079e-16f,-1f,0.03125000000000004f,0f,0f,0f,1f], start_interpolation: 0, interpolation_duration: 1 }
$data merge entity $(bone_right_wing) { transformation: [-0.16470331719015752f,-0.986343153931003f,1.2246467991473532e-16f,-0.34375f,-0.986343153931003f,0.16470331719015752f,0f,0.96875f,-2.0170339020587765e-17f,-1.2079219863225079e-16f,-1f,0.03124999999999996f,0f,0f,0f,1f], start_interpolation: 0, interpolation_duration: 1 }