execute if entity @s[tag=aj.tux.bone.left_wing] run data modify entity @s {} merge value {transformation:[0.9020681864638412f,-0.3637436685558336f,-0.23230051776821314f,0.3222123627497909f,-0.4155410142422968f,-0.5865512759245772f,-0.695185778187193f,0.9167879586237804f,0.11661326019076627f,0.7236353669471893f,-0.680259658697241f,-0.17955927214610407f,0f,0f,0f,1f],start_interpolation:0}
execute if entity @s[tag=aj.tux.bone.right_wing] run data modify entity @s {} merge value {transformation:[0.855091376285901f,0.46138244019499264f,0.23652691618756308f,-0.3017256622919836f,0.4909740836559934f,-0.5739567625179918f,-0.6553762918644702f,0.9297050849720165f,-0.16662288972299705f,0.6765352013307068f,-0.717312298779812f,-0.1455080055929544f,0f,0f,0f,1f],start_interpolation:0}
execute if entity @s[tag=aj.tux.bone.head] run data modify entity @s {} merge value {transformation:[-0.9983995143581068f,-0.011667721554758585f,-0.055337817116483314f,0.010926240244163892f,-0.00930850671500757f,0.9990445433996266f,-0.042700726061368155f,0.9847962899177584f,0.055783164415739175f,-0.04211727172018584f,-0.997554196016745f,-0.1733692147941645f,0f,0f,0f,1f],start_interpolation:0}
execute if entity @s[tag=aj.tux.bone.body] run data modify entity @s {} merge value {transformation:[-0.9983008400668393f,0.010926240244163892f,-0.05723678883349307f,0f,0.02066740215717791f,0.9847962899177584f,-0.17247934906037826f,0f,0.054482026485039456f,-0.1733692147941645f,-0.9833487805207969f,0f,0f,0f,0f,1f],start_interpolation:0}