execute if entity @s[tag=aj.tux.bone.left_wing] run data modify entity @s {} merge value {transformation:[0.850610525677953f,-0.4222449223482832f,-0.31332245236651834f,0.3918347202340886f,-0.5077806199717835f,-0.5050333943585567f,-0.6979255780982283f,0.8570441608870194f,0.13645722988155726f,0.7527619119839735f,-0.6439945095102011f,-0.18428655879661823f,0f,0f,0f,1f],start_interpolation:0}
execute if entity @s[tag=aj.tux.bone.right_wing] run data modify entity @s {} merge value {transformation:[0.8655435233133452f,0.4560464840275417f,0.20701694050593725f,-0.22841770258222602f,0.4459511999263698f,-0.5136441075358069f,-0.7330056330465519f,0.9199438307199934f,-0.22795161007229714f,0.7267677312593497f,-0.6479558073399645f,-0.1400648048129232f,0f,0f,0f,1f],start_interpolation:0}
execute if entity @s[tag=aj.tux.bone.head] run data modify entity @s {} merge value {transformation:[-0.9951038223725044f,-0.0647056668864402f,-0.07470983450933356f,0.08715574274766007f,-0.062145272546851545f,0.9974138850510987f,-0.036104113440869f,0.9498102621904069f,0.07685276702701413f,-0.031284478260866555f,-0.9965515208057417f,-0.17298739392508877f,0f,0f,0f,1f],start_interpolation:0}
execute if entity @s[tag=aj.tux.bone.body] run data modify entity @s {} merge value {transformation:[-0.9924038765061035f,0.08715574274766007f,-0.08682408883346913f,0f,0.10063947173275826f,0.9810602621904069f,-0.16550667261546131f,-0.03125f,0.07075480637391206f,-0.17298739392508877f,-0.9823793151924547f,0f,0f,0f,0f,1f],start_interpolation:0}