execute if entity @s[tag=aj.tux.bone.left_wing] run data modify entity @s {} merge value {transformation:[0.8715820991916369f,-0.37963965183216486f,-0.3101908753097887f,0.36999397477213364f,-0.48112498407705334f,-0.5408689540593974f,-0.6899126931949788f,0.8801814015696221f,0.09414560035155868f,0.7505561333381046f,-0.6540658198094423f,-0.1928674403293691f,0f,0f,0f,1f],start_interpolation:0}
execute if entity @s[tag=aj.tux.bone.right_wing] run data modify entity @s {} merge value {transformation:[0.8638410634909198f,0.4697368196092422f,0.18200532225808908f,-0.2498991125532694f,0.45009978344517687f,-0.5574227309818525f,-0.6976317681465906f,0.9313508633096022f,-0.2262494242412154f,0.684563524655037f,-0.6929530855277224f,-0.13171806198893987f,0f,0f,0f,1f],start_interpolation:0}
execute if entity @s[tag=aj.tux.bone.head] run data modify entity @s {} merge value {transformation:[-0.9943267609023616f,0.033167869257851985f,-0.10106525121084764f,0.06405059318339425f,0.03697632719105757f,0.9986658516914161f,-0.03604535882632717f,0.9671922079355862f,0.09973486742798408f,-0.039577886683764024f,-0.9942266075220323f,-0.1731122679030981f,0f,0f,0f,1f],start_interpolation:0}
execute if entity @s[tag=aj.tux.bone.body] run data modify entity @s {} merge value {transformation:[-0.9918289397206449f,0.06405059318339425f,-0.11033075657076193f,0f,0.08187113878396803f,0.9828172079355862f,-0.16543111079816555f,-0.015624999999999983f,0.09783900534468674f,-0.1731122679030981f,-0.9800304442896701f,0f,0f,0f,0f,1f],start_interpolation:0}