execute if entity @s[tag=aj.tux.bone.left_wing] run data modify entity @s {} merge value {transformation:[0.8822863153249383f,-0.4604496012190775f,-0.09776002520220725f,0.2284177025822322f,-0.35997269429414624f,-0.5261872894622839f,-0.7704197529729802f,0.9199438307199906f,0.30329938534879486f,0.7149217447703821f,-0.6299971283279916f,-0.14006480481293188f,0f,0f,0f,1f],start_interpolation:0}
execute if entity @s[tag=aj.tux.bone.right_wing] run data modify entity @s {} merge value {transformation:[0.7512133393158483f,0.4380603170859896f,0.4937425213898986f,-0.3918347202340832f,0.6361114104224457f,-0.28080328385521824f,-0.7186875463694167f,0.8570441608870208f,-0.17618397306309966f,0.8539629232997461f,-0.4895983387074072f,-0.1842865587966233f,0f,0f,0f,1f],start_interpolation:0}
execute if entity @s[tag=aj.tux.bone.head] run data modify entity @s {} merge value {transformation:[-0.997070359941302f,0.01632869764356151f,0.07472664156636266f,-0.08715574274765386f,0.01363637207332889f,0.9992443146184409f,-0.036398476058759954f,0.9498102621904061f,-0.07526451144596782f,-0.0352728413370334f,-0.9965395526424491f,-0.1729873939250961f,0f,0f,0f,1f],start_interpolation:0}
execute if entity @s[tag=aj.tux.bone.body] run data modify entity @s {} merge value {transformation:[-0.9924038765061046f,-0.08715574274765386f,0.08682408883346303f,0f,-0.1006394717327517f,0.9810602621904061f,-0.1655066726154697f,-0.03125f,-0.07075480637390628f,-0.1729873939250961f,-0.9823793151924539f,0f,0f,0f,0f,1f],start_interpolation:0}