execute if entity @s[tag=aj.tux.bone.left_wing] run data modify entity @s {} merge value {transformation:[0.9348389667457085f,-0.3511888743918198f,-0.05236870016739324f,0.22841770258222574f,-0.28821185470471217f,-0.6643664421762422f,-0.689602173225804f,0.9199438307199925f,0.20738860398171732f,0.6597602632877251f,-0.7222924351846876f,-0.1400648048129293f,0f,0f,0f,1f],start_interpolation:0}
execute if entity @s[tag=aj.tux.bone.right_wing] run data modify entity @s {} merge value {transformation:[0.8158690964946098f,0.43550033776405206f,0.3803906849443945f,-0.39183472023408883f,0.5776864702392188f,-0.5851989577258414f,-0.5690523016201068f,0.8570441608870178f,-0.025218237202889286f,0.6840187392783807f,-0.7290283978202724f,-0.18428655879662567f,0f,0f,0f,1f],start_interpolation:0}
execute if entity @s[tag=aj.tux.bone.head] run data modify entity @s {} merge value {transformation:[-0.9924038765061033f,-0.09774293099479416f,0.07470518948644664f,-0.0871557427476603f,-0.10063947173275953f,0.9942701114102285f,-0.0360366797255644f,0.9498102621904055f,-0.0707548063739142f,-0.04328123146167073f,-0.9965543097985935f,-0.172987393925096f,0f,0f,0f,1f],start_interpolation:0}
execute if entity @s[tag=aj.tux.bone.body] run data modify entity @s {} merge value {transformation:[-0.9924038765061033f,-0.0871557427476603f,0.08682408883347208f,0f,-0.10063947173275953f,0.9810602621904055f,-0.1655066726154682f,-0.03125f,-0.0707548063739142f,-0.172987393925096f,-0.9823793151924534f,0f,0f,0f,0f,1f],start_interpolation:0}