execute if entity @s[tag=aj.tux.bone.left_wing] run data modify entity @s {} merge value {transformation:[0.8701767690841671f,-0.4093286989844106f,-0.27430349384207725f,0.37125367975513235f,-0.473718555227813f,-0.5417869658861214f,-0.6943036900584532f,0.8826136324490126f,0.1355843684910407f,0.7341095965750897f,-0.6653570314028738f,-0.17860729112889334f,0f,0f,0f,1f],start_interpolation:0}
execute if entity @s[tag=aj.tux.bone.right_wing] run data modify entity @s {} merge value {transformation:[0.8696733182013822f,0.44228677469930694f,0.21920476394157537f,-0.2511830985243023f,0.4564852666042788f,-0.5515942991164797f,-0.6981152702494196f,0.9288953348542579f,-0.1878550531176041f,0.7071959686736653f,-0.6816042406777544f,-0.14611943081784567f,0f,0f,0f,1f],start_interpolation:0}
execute if entity @s[tag=aj.tux.bone.head] run data modify entity @s {} merge value {transformation:[-0.9972196919611238f,-0.05025046886027999f,-0.05502523370494006f,0.06403764332310938f,-0.04809661205667158f,0.9980497438587052f,-0.03979226925224333f,0.9671797825617443f,0.05691750059192056f,-0.03703510716732203f,-0.9976917354390953f,-0.17318758503826082f,0f,0f,0f,1f],start_interpolation:0}
execute if entity @s[tag=aj.tux.bone.body] run data modify entity @s {} merge value {transformation:[-0.9958988452470955f,0.06403764332310938f,-0.06391142521587106f,0f,0.07405072384839248f,0.9828047825617443f,-0.1691486023332493f,-0.015624999999999997f,0.051980576497676255f,-0.17318758503826082f,-0.9835161818981853f,0f,0f,0f,0f,1f],start_interpolation:0}