execute if entity @s[tag=aj.tux.bone.left_wing] run data modify entity @s {} merge value {transformation:[0.8564742907536943f,-0.4119059960878422f,-0.3111032620607477f,0.36674368528069784f,-0.4959952245707005f,-0.4897774105423638f,-0.7170124303842134f,0.882446189853655f,0.14297036924137857f,0.7684084451054001f,-0.6237851673530599f,-0.18849325521506793f,0f,0f,0f,1f],start_interpolation:0}
execute if entity @s[tag=aj.tux.bone.right_wing] run data modify entity @s {} merge value {transformation:[0.8379090094443414f,0.49036384537196953f,0.2396910324647475f,-0.2543317637411436f,0.47926941930158473f,-0.4508849522539234f,-0.7529964034132554f,0.9294593295579708f,-0.2611691322004255f,0.7458190524403298f,-0.612816959134361f,-0.13672404315364545f,0f,0f,0f,1f],start_interpolation:0}
execute if entity @s[tag=aj.tux.bone.head] run data modify entity @s {} merge value {transformation:[-0.9947614718780323f,0.055425711243785813f,-0.08589298341640633f,0.05995302482109559f,0.05889372849296712f,0.9975261736402581f,-0.03838048523432716f,0.9673912770195338f,0.08355323339791974f,-0.04323798602786921f,-0.9955648315167659f,-0.17344922579664712f,0f,0f,0f,1f],start_interpolation:0}
execute if entity @s[tag=aj.tux.bone.body] run data modify entity @s {} merge value {transformation:[-0.9937207184349462f,0.05995302482109559f,-0.09447099326213994f,0f,0.07522102352690525f,0.9830162770195338f,-0.16739413590153013f,-0.015625000000000017f,0.08283073929827599f,-0.17344922579664712f,-0.9813533689236741f,0f,0f,0f,0f,1f],start_interpolation:0}