execute if entity @s[tag=aj.tux.bone.left_wing] run data modify entity @s {} merge value {transformation:[0.8784832456131653f,-0.4593477446079178f,-0.13140333595680856f,0.2551034033005579f,-0.38442499572544164f,-0.5162716274969613f,-0.7652980003261034f,0.9278363083674358f,0.2836980962897936f,0.7228161980512455f,-0.6301207296989122f,-0.1461694675302572f,0f,0f,0f,1f],start_interpolation:0}
execute if entity @s[tag=aj.tux.bone.right_wing] run data modify entity @s {} merge value {transformation:[0.7698542935150889f,0.4456922414737736f,0.4568181176863136f,-0.36753199001030834f,0.6104292402014341f,-0.30529207472944553f,-0.7308713237051309f,0.8841698345194974f,-0.18628072756858907f,0.8415195630509573f,-0.5070939908331031f,-0.1784712640485657f,0f,0f,0f,1f],start_interpolation:0}
execute if entity @s[tag=aj.tux.bone.head] run data modify entity @s {} merge value {transformation:[-0.9982534872764345f,-0.022593803115454725f,0.05458475246089813f,-0.059961912911866894f,-0.024840711114347748f,0.9988567796190765f,-0.04084204794499255f,0.9674449428730311f,-0.05359957286929606f,-0.042126640855729536f,-0.9976735096806176f,-0.17314172350870555f,0f,0f,0f,1f],start_interpolation:0}
execute if entity @s[tag=aj.tux.bone.body] run data modify entity @s {} merge value {transformation:[-0.996216629297386f,-0.059961912911866894f,0.0629046620792475f,0f,-0.06986635815670157f,0.9830699428730311f,-0.16938766016901835f,-0.015624999999999991f,-0.051682874429293583f,-0.17314172350870555f,-0.9835399453358064f,0f,0f,0f,0f,1f],start_interpolation:0}