execute if entity @s[tag=aj.tux.bone.left_wing] run data modify entity @s {} merge value {transformation:[0.8539552307236895f,-0.43566941017480293f,-0.28452175480547864f,0.36760257610118663f,-0.4903857707391579f,-0.4909589907439857f,-0.7200562931217311f,0.8843770992163055f,0.17401798693299406f,0.7544212579491552f,-0.6329030777126956f,-0.17727681024323166f,0f,0f,0f,1f],start_interpolation:0}
execute if entity @s[tag=aj.tux.bone.right_wing] run data modify entity @s {} merge value {transformation:[0.8436096456366834f,0.46657922041004296f,0.2657566497198234f,-0.25518858735372707f,0.4840179926424339f,-0.44647948214349803f,-0.7525839852290651f,0.9276077847477432f,-0.23248515777816267f,0.7635181092197023f,-0.6024871353866678f,-0.14748965611671433f,0f,0f,0f,1f],start_interpolation:0}
execute if entity @s[tag=aj.tux.bone.head] run data modify entity @s {} merge value {transformation:[-0.9983724033511758f,-0.026462102152615855f,-0.05052030657529212f,0.05995412733197842f,-0.02439800229290676f,0.9988593558317799f,-0.04104539866339543f,0.967433604780826f,0.051548828414545916f,-0.03974599875441892f,-0.9978792381205761f,-0.17320878205863788f,0f,0f,0f,1f],start_interpolation:0}
execute if entity @s[tag=aj.tux.bone.body] run data modify entity @s {} merge value {transformation:[-0.9964658615278619f,0.05995412733197842f,-0.0588327241031454f,0f,0.06916909685030047f,0.983058604780826f,-0.16973925770807868f,-0.015625f,0.047659446602427734f,-0.17320878205863788f,-0.9837313123853045f,0f,0f,0f,0f,1f],start_interpolation:0}