execute if entity @s[tag=aj.tux.bone.left_wing] run data modify entity @s {} merge value {transformation:[0.8809402277022161f,-0.4519304124772707f,-0.14036814985633445f,0.2553429931849894f,-0.3859801459331727f,-0.5145732497510026f,-0.7656589956280133f,0.9271501129013957f,0.27379489067799123f,0.72867912891671f,-0.6277444423647343f,-0.15012508892617202f,0f,0f,0f,1f],start_interpolation:0}
execute if entity @s[tag=aj.tux.bone.right_wing] run data modify entity @s {} merge value {transformation:[0.7688928946064134f,0.45487556336622187f,0.44932386813526043f,-0.3677176670040366f,0.6086228788644458f,-0.3053734911043464f,-0.7323422849006451f,0.8847578462259953f,-0.19591301117211354f,0.8365615654469226f,-0.5116471824123237f,-0.1750912550502857f,0f,0f,0f,1f],start_interpolation:0}
execute if entity @s[tag=aj.tux.bone.head] run data modify entity @s {} merge value {transformation:[-0.9990726220162159f,0.004727926288346547f,0.04279652615172249f,-0.0599331593701585f,0.0029514547061426635f,0.999135053322157f,-0.041478116375360946f,0.9673925782012752f,-0.04295561491540652f,-0.04131333847490856f,-0.9982224317311733f,-0.1734487167874441f,0f,0f,0f,1f],start_interpolation:0}
execute if entity @s[tag=aj.tux.bone.body] run data modify entity @s {} merge value {transformation:[-0.9968970563024415f,-0.0599331593701585f,0.05103210306697003f,0f,-0.06782762668064066f,0.9830175782012752f,-0.17051643324375354f,-0.015625f,-0.03994586579858188f,-0.1734487167874441f,-0.9840324539619568f,0f,0f,0f,0f,1f],start_interpolation:0}