execute if entity @s[tag=aj.tux.bone.left_wing] run data modify entity @s {} merge value {transformation:[0.8991189201119776f,-0.3916621659890969f,-0.19541216755719215f,0.3226875152252183f,-0.4082062937748631f,-0.5892001525015367f,-0.6972881771654785f,0.9192915670651902f,0.15796451886186702f,0.7067134695369084f,-0.6896399660372389f,-0.16534292316455904f,0f,0f,0f,1f],start_interpolation:0}
execute if entity @s[tag=aj.tux.bone.right_wing] run data modify entity @s {} merge value {transformation:[0.8578284149227126f,0.43462576099605665f,0.2742824428026445f,-0.3022381291036702f,0.4977957880154971f,-0.5699660346802882f,-0.6537110009360857f,0.9271866955071775f,-0.127787964946694f,0.6973085165043f,-0.7052879332764421f,-0.15981065355724486f,0f,0f,0f,1f],start_interpolation:0}
execute if entity @s[tag=aj.tux.bone.head] run data modify entity @s {} merge value {transformation:[-0.9975541102836035f,-0.06926370248490542f,-0.009398753873290266f,0.010906339264825673f,-0.06879035326336236f,0.9966718866443105f,-0.043738286097793094f,0.9847884067052628f,0.012396949390474952f,-0.04298476347443472f,-0.9989988116884108f,-0.1734152409182954f,0f,0f,0f,1f],start_interpolation:0}
execute if entity @s[tag=aj.tux.bone.body] run data modify entity @s {} merge value {transformation:[-0.9998810309262217f,0.010906339264825673f,-0.01090760091663832f,0f,0.012632205507179535f,0.9847884067052628f,-0.17329807097291733f,0f,0.008851631371702641f,-0.1734152409182954f,-0.9848090184595737f,0f,0f,0f,0f,1f],start_interpolation:0}