execute if entity @s[tag=aj.tux.bone.left_wing] run data modify entity @s {} merge value {transformation:[0.8517717369176973f,-0.3934956492333646f,-0.34589894799293985f,0.39035604456058326f,-0.5146524407476601f,-0.5048469805186169f,-0.6930096619050212f,0.8548180630160354f,0.09807024737750919f,0.7683037812582005f,-0.6325278857755329f,-0.19765638410642639f,0f,0f,0f,1f],start_interpolation:0}
execute if entity @s[tag=aj.tux.bone.right_wing] run data modify entity @s {} merge value {transformation:[0.8583757203242841f,0.48278849204229574f,0.1735119439960645f,-0.22693902690872694f,0.44037808460973465f,-0.5199101281636092f,-0.7319566935470716f,0.9221699285909772f,-0.2631696512769447f,0.7047047116235471f,-0.6588877021635364f,-0.1266949795031192f,0f,0f,0f,1f],start_interpolation:0}
execute if entity @s[tag=aj.tux.bone.head] run data modify entity @s {} merge value {transformation:[-0.9920903079771751f,0.043918812410020394f,-0.11759234130778716f,0.0871557427476567f,0.04797500187525001f,0.9983394345276216f,-0.03188687288114725f,0.9498102621904068f,0.11599663793758605f,-0.037276150331842534f,-0.9925498821739965f,-0.17298739392509097f,0f,0f,0f,1f],start_interpolation:0}
execute if entity @s[tag=aj.tux.bone.body] run data modify entity @s {} merge value {transformation:[-0.9876721143508962f,0.0871557427476567f,-0.1300295006517158f,0f,0.10776298491990716f,0.9810602621904068f,-0.16095931483465678f,-0.03125f,0.11353824736529156f,-0.17298739392509097f,-0.9783580264546426f,0f,0f,0f,0f,1f],start_interpolation:0}