execute if entity @s[tag=aj.tux.bone.left_wing] run data modify entity @s {} merge value {transformation:[0.922681410131081f,-0.3695792996254239f,-0.10986426483120262f,0.26706986111444914f,-0.33696988061135374f,-0.6344853841322585f,-0.6956145461987622f,0.9238575026353821f,0.18737746651956178f,0.6788515585979905f,-0.7099649614099202f,-0.15036228425462272f,0f,0f,0f,1f],start_interpolation:0}
execute if entity @s[tag=aj.tux.bone.right_wing] run data modify entity @s {} merge value {transformation:[0.8351399020002144f,0.43365364129131917f,0.33835759705059415f,-0.35650788881504986f,0.5459698357152082f,-0.5788860707506983f,-0.6056466425069373f,0.8893575142939771f,-0.06677037199372868f,0.6905327193447083f,-0.7202126636891507f,-0.17456023039280016f,0f,0f,0f,1f],start_interpolation:0}
execute if entity @s[tag=aj.tux.bone.head] run data modify entity @s {} merge value {transformation:[-0.994714452009691f,-0.0941278940884367f,0.04102558369525234f,-0.04770028144032041f,-0.09582329432789662f,0.994531788620131f,-0.04152610851250241f,0.9680896756956583f,-0.03689248198765445f,-0.04523782685451269f,-0.998294788023193f,-0.1732920078119589f,0f,0f,0f,1f],start_interpolation:0}
execute if entity @s[tag=aj.tux.bone.body] run data modify entity @s {} merge value {transformation:[-0.9977243998871984f,-0.04770028144032041f,0.04765191517918317f,0f,-0.05519998134624805f,0.9837146756956583f,-0.17105086635372432f,-0.015625f,-0.038716713821083916f,-0.1732920078119589f,-0.9841091891143972f,0f,0f,0f,0f,1f],start_interpolation:0}