execute if entity @s[tag=aj.tux.bone.left_wing] run data modify entity @s {} merge value {transformation:[0.871684219548578f,-0.43401755133994013f,-0.22758599807296775f,0.31244191154560375f,-0.442146737448415f,-0.496210627826799f,-0.747182223688075f,0.9220429046530283f,0.21135960814145374f,0.7519333600530146f,-0.6244384181692177f,-0.1696450231770316f,0f,0f,0f,1f],start_interpolation:0}
execute if entity @s[tag=aj.tux.bone.right_wing] run data modify entity @s {} merge value {transformation:[0.804887750208395f,0.4796241823246439f,0.34945150349352555f,-0.3124093134230398f,0.5464023404513829f,-0.36924326900472815f,-0.7517339227705191f,0.9244234924723806f,-0.23151715252594074f,0.7960025452372114f,-0.5592671598280751f,-0.15621820461044597f,0f,0f,0f,1f],start_interpolation:0}
execute if entity @s[tag=aj.tux.bone.head] run data modify entity @s {} merge value {transformation:[-0.9993126972118411f,0.03009345088710377f,-0.02164526287437159f,0.00001738566536744669f,0.031035265163934466f,0.9985237007825339f,-0.04457837246644078f,0.9847820784668848f,0.020271790927282457f,-0.04521950009960224f,-0.9987713708869226f,-0.1737937214866547f,0f,0f,0f,1f],start_interpolation:0}
execute if entity @s[tag=aj.tux.bone.body] run data modify entity @s {} merge value {transformation:[-0.9997619599498296f,0.00001738566536744669f,-0.02181795441864157f,0f,0.0038089405109637776f,0.9847820784668848f,-0.17375197812579343f,0f,0.021482909706536973f,-0.1737937214866547f,-0.9845477271124848f,0f,0f,0f,0f,1f],start_interpolation:0}