execute if entity @s[tag=aj.tux.bone.left_wing] run data modify entity @s {} merge value {transformation:[0.8682085162529184f,-0.44993254793156773f,-0.2092239819373321f,0.3124959932703244f,-0.4385157197539441f,-0.498417709877242f,-0.7478527595786524f,0.9234505688882735f,0.23220235966627464f,0.7410401397984677f,-0.6300329954636354f,-0.16170281695108968f,0f,0f,0f,1f],start_interpolation:0}
execute if entity @s[tag=aj.tux.bone.right_wing] run data modify entity @s {} merge value {transformation:[0.8078986994435053f,0.4618247328782092f,0.36608415363064206f,-0.3125016820725883f,0.5499482819826055f,-0.3675660062362978f,-0.7499680781232484f,0.9231531531697132f,-0.21179371705004268f,0.8072255862901452f,-0.5509358168213951f,-0.16338131623480984f,0f,0f,0f,1f],start_interpolation:0}
execute if entity @s[tag=aj.tux.bone.head] run data modify entity @s {} merge value {transformation:[-0.9996925433105879f,-0.02464610828804521f,0.002718123518621191f,-0.000003034027874099082f,-0.024743193329735288f,0.9986893926760964f,-0.04480258184633032f,0.9848553184309262f,-0.0016103518422617455f,-0.04485606204855411f,-0.9989921623638698f,-0.17337820436581308f,0f,0f,0f,1f],start_interpolation:0}
execute if entity @s[tag=aj.tux.bone.body] run data modify entity @s {} merge value {transformation:[-0.9999962805486603f,-0.000003034027874099082f,0.002727430959661466f,0f,-0.0004758651496962735f,0.9848553184309262f,-0.17337755134583682f,0f,-0.0026855988539522336f,-0.17337820436581308f,-0.9848516567532808f,0f,0f,0f,0f,1f],start_interpolation:0}