execute if entity @s[tag=aj.tux.bone.left_wing] run data modify entity @s {} merge value {transformation:[0.9273981144110186f,-0.34428188115318603f,-0.14629669749010385f,0.2674364173905628f,-0.34378669287658103f,-0.6302598892621102f,-0.6961200914987988f,0.9214519083961894f,0.14745659425020907f,0.6958753180685f,-0.7028613622295602f,-0.1640948823209929f,0f,0f,0f,1f],start_interpolation:0}
execute if entity @s[tag=aj.tux.bone.right_wing] run data modify entity @s {} merge value {transformation:[0.8355818385648436f,0.4590933657437227f,0.3017221778237326f,-0.35684960292164647f,0.5393113647772139f,-0.5809014834679097f,-0.6096693516381817f,0.8917671708197548f,-0.10462429394139137f,0.6721508372641385f,-0.7329849992205728f,-0.16081140889152207f,0f,0f,0f,1f],start_interpolation:0}
execute if entity @s[tag=aj.tux.bone.head] run data modify entity @s {} merge value {transformation:[-0.9980299050429059f,-0.06265885482027247f,-0.003190070949106788f,-0.0476870322832446f,-0.06246085462656753f,0.9970952163779581f,-0.04358636387119286f,0.9680918422485035f,0.005911876129209312f,-0.04330124003773153f,-0.9990445697424253f,-0.17328335531334133f,0f,0f,0f,1f],start_interpolation:0}
execute if entity @s[tag=aj.tux.bone.body] run data modify entity @s {} merge value {transformation:[-0.9988576324995349f,-0.0476870322832446f,0.0030621805043115485f,0f,-0.047495580122295315f,0.9837168422485035f,-0.17333592860535157f,-0.015625f,0.005253557487153294f,-0.17328335531334133f,-0.9848579993608619f,0f,0f,0f,0f,1f],start_interpolation:0}