execute if entity @s[tag=aj.tux.bone.left_wing] run data modify entity @s {} merge value {transformation:[0.9406824964328576f,-0.3275733865012697f,-0.08838618308839867f,0.22930603538589228f,-0.29457663974217096f,-0.6592625759028814f,-0.69180738600575f,0.9176578663007514f,0.16834798550341323f,0.6768076037323953f,-0.7166522331695865f,-0.15347671943379282f,0f,0f,0f,1f],start_interpolation:0}
execute if entity @s[tag=aj.tux.bone.right_wing] run data modify entity @s {} merge value {transformation:[0.8183309165745768f,0.46000213024401937f,0.34457590041843755f,-0.3927230530377536f,0.5713514198097468f,-0.5860096816811124f,-0.574586989112517f,0.8593301253062585f,-0.06238642528306372f,0.6670762273885689f,-0.7423727101621094f,-0.1708746441757657f,0f,0f,0f,1f],start_interpolation:0}
execute if entity @s[tag=aj.tux.bone.head] run data modify entity @s {} merge value {transformation:[-0.9952465414778335f,-0.09208192044423437f,0.03170554531485872f,-0.08715574274765939f,-0.09332438559118861f,0.9948225382518919f,-0.04023277818011156f,0.9498102621904053f,-0.027836679587156573f,-0.04300043387414365f,-0.99868717922891f,-0.17298739392509788f,0f,0f,0f,1f],start_interpolation:0}
execute if entity @s[tag=aj.tux.bone.body] run data modify entity @s {} merge value {transformation:[-0.9952465414778335f,-0.08715574274765939f,0.043453402427366804f,0f,-0.09332438559118861f,0.9810602621904053f,-0.16973897903817003f,-0.03125f,-0.027836679587156573f,-0.17298739392509788f,-0.9845305890690065f,0f,0f,0f,0f,1f],start_interpolation:0}