# This file was generated by Animated Java via MC-Build. It is not recommended to edit this file directly.
$data merge entity $(bone_head) { transformation: [-1f,5.017505461077153e-18f,1.223618505318003e-16f,-7.654042494670958e-18f,0f,0.9991603343673734f,-0.04097104132040794f,1f,-1.2246467991473532e-16f,-0.04097104132040794f,-0.9991603343673734f,0.0625f,0f,0f,0f,1f], start_interpolation: 0, interpolation_duration: 1 }
$data merge entity $(bone_left_wing) { transformation: [-0.1684248650629815f,0.9857144945817305f,1.2246467991473532e-16f,0.34375f,0.9857144945817305f,0.1684248650629815f,0f,0.96875f,-2.0626097189620516e-17f,1.2071521006626672e-16f,-1f,0.03125000000000004f,0f,0f,0f,1f], start_interpolation: 0, interpolation_duration: 1 }
$data merge entity $(bone_right_wing) { transformation: [-0.1684248650629815f,-0.9857144945817305f,1.2246467991473532e-16f,-0.34375f,-0.9857144945817305f,0.1684248650629815f,0f,0.96875f,-2.0626097189620516e-17f,-1.2071521006626672e-16f,-1f,0.03124999999999996f,0f,0f,0f,1f], start_interpolation: 0, interpolation_duration: 1 }