# This file was generated by Animated Java via MC-Build. It is not recommended to edit this file directly.
$data merge entity $(bone_head) { transformation: [-1f,5.192353934521003e-18f,1.2235455564562048e-16f,-7.654042494670958e-18f,0f,0.999100767101245f,-0.042398787455584105f,1f,-1.2246467991473532e-16f,-0.042398787455584105f,-0.999100767101245f,0.0625f,0f,0f,0f,1f], start_interpolation: 0, interpolation_duration: 1 }
$data merge entity $(bone_left_wing) { transformation: [-0.17124132238785772f,0.9852291152350592f,1.2246467991473532e-16f,0.34375f,0.9852291152350592f,0.17124132238785772f,0f,0.96875f,-2.0971013734404994e-17f,1.206557682399394e-16f,-1f,0.03125000000000004f,0f,0f,0f,1f], start_interpolation: 0, interpolation_duration: 1 }
$data merge entity $(bone_right_wing) { transformation: [-0.17124132238785772f,-0.9852291152350592f,1.2246467991473532e-16f,-0.34375f,-0.9852291152350592f,0.17124132238785772f,0f,0.96875f,-2.0971013734404994e-17f,-1.206557682399394e-16f,-1f,0.03124999999999996f,0f,0f,0f,1f], start_interpolation: 0, interpolation_duration: 1 }