# This file was generated by Animated Java via MC-Build. It is not recommended to edit this file directly.
$data merge entity $(bone_head) { transformation: [-0.9973672552872903f,0.03242093313379004f,-0.0648647914930085f,0.032420933133790034f,0.03251271948014595f,0.9994712570642365f,-0.000359686586159856f,0.9893462570642364f,0.06481883331796778f,-0.0024676703931522537f,-0.9978939971009587f,0.06003232960684775f,0f,0f,0f,1f], start_interpolation: 0, interpolation_duration: 1 }
$data merge entity $(bone_left_wing) { transformation: [-0.0524945954572444f,0.9963976422753626f,-0.06660372298812374f,0.3722257482442087f,0.997987220416716f,0.05472066099770381f,0.03204929242419157f,0.9469252927538614f,0.035578439154876226f,-0.06478724973382367f,-0.9972646524063861f,0.006643782944177369f,0f,0f,0f,1f], start_interpolation: 0, interpolation_duration: 1 }
$data merge entity $(bone_right_wing) { transformation: [-0.11705568490811562f,-0.9907463012596673f,-0.06870031419855674f,-0.31346423976580345f,-0.9922995170013071f,0.11949865853103503f,-0.03258433930978568f,0.9692777873964618f,0.04049240903754829f,0.06435710644188049f,-0.997105073530751f,0.05120673085028022f,0f,0f,0f,1f], start_interpolation: 0, interpolation_duration: 1 }
$data merge entity $(bone_body) { transformation: [-0.9973672552872903f,0.03242093313379004f,-0.0648647914930085f,-7.654042494670958e-18f,0.03251271948014595f,0.9994712570642365f,-0.000359686586159856f,-0.010125000000000002f,0.06481883331796778f,-0.0024676703931522537f,-0.9978939971009587f,0.0625f,0f,0f,0f,1f], start_interpolation: 0, interpolation_duration: 1 }