# This file was generated by Animated Java via MC-Build. It is not recommended to edit this file directly.
$data merge entity $(bone_head) { transformation: [-0.9952465379987381f,0.043453449378999504f,-0.0871557590672762f,0.0434534493789995f,0.04361943231715576f,0.9990482196192176f,2.564699950070165e-8f,0.9834232196192176f,0.08707280704017435f,-0.0038016592085979247f,-0.9961946966639635f,0.05869834079140208f,0f,0f,0f,1f], start_interpolation: 0, interpolation_duration: 1 }
$data merge entity $(bone_left_wing) { transformation: [-0.03961031656946358f,0.9952465421040823f,-0.08896821483616492f,0.3814879090521196f,0.998097349887936f,0.043619342413516206f,0.04357789708202737f,0.9372087836985635f,0.047251486409913265f,-0.08707280515338613f,-0.9950807121207679f,-0.0022452190491380336f,0f,0f,0f,1f], start_interpolation: 0, interpolation_duration: 1 }
$data merge entity $(bone_right_wing) { transformation: [-0.12610410698892638f,-0.9876721067929334f,-0.09274461528160989f,-0.30274408582201284f,-0.9905012208032922f,0.13052623682976083f,-0.043246191580871014f,0.9671971434166081f,0.054818662768382154f,0.08641013228938847f,-0.9947503220658022f,0.057617335790981834f,0f,0f,0f,1f], start_interpolation: 0, interpolation_duration: 1 }
$data merge entity $(bone_body) { transformation: [-0.9952465379987381f,0.043453449378999504f,-0.0871557590672762f,-7.654042494670958e-18f,0.04361943231715576f,0.9990482196192176f,2.564699950070165e-8f,-0.015625f,0.08707280704017435f,-0.0038016592085979247f,-0.9961946966639635f,0.0625f,0f,0f,0f,1f], start_interpolation: 0, interpolation_duration: 1 }
execute on vehicle unless entity @s[tag=aj.transforms_only] positioned ^-0.0054472349 ^-0.0156249984 ^0.0002378315 rotated ~354.9999990614 ~0.0000014695 run function animated_java:tux/animations/walk/zzz/frames/zzz/1