# This file was generated by Animated Java via MC-Build. It is not recommended to edit this file directly.
$data merge entity $(bone_head) { transformation: [-0.9959056534551972f,0.04035861616398878f,-0.08088950189798752f,0.040358616163988774f,0.04050204236147591f,0.9991794468580673f,-0.00013244227412705523f,0.9851794468580672f,0.08081778257615038f,-0.0034080900420305747f,-0.9967230663237103f,0.059091909957969424f,0f,0f,0f,1f], start_interpolation: 0, interpolation_duration: 1 }
$data merge entity $(bone_left_wing) { transformation: [-0.04305007565040395f,0.9956334169397028f,-0.08282988626979071f,0.37891218084977607f,0.9979773940864171f,0.04673630696671982f,0.043091048996243025f,0.9400283732609288f,0.04677405134236901f,-0.08080728113285653f,-0.9956316444533776f,0.0002697041886152371f,0f,0f,0f,1f], start_interpolation: 0, interpolation_duration: 1 }
$data merge entity $(bone_right_wing) { transformation: [-0.12338484139522266f,-0.9885984466036226f,-0.08630928273818597f,-0.305772955900672f,-0.9909125736524348f,0.12743214669149897f,-0.04305019590087862f,0.9678735273844435f,0.05355793397232081f,0.08021321189492837f,-0.9953378262409782f,0.055831929709718627f,0f,0f,0f,1f], start_interpolation: 0, interpolation_duration: 1 }
$data merge entity $(bone_body) { transformation: [-0.9959056534551972f,0.04035861616398878f,-0.08088950189798752f,-7.654042494670958e-18f,0.04050204236147591f,0.9991794468580673f,-0.00013244227412705523f,-0.013999999999999997f,0.08081778257615038f,-0.0034080900420305747f,-0.9967230663237103f,0.0625f,0f,0f,0f,1f], start_interpolation: 0, interpolation_duration: 1 }