# This file was generated by Animated Java via MC-Build. It is not recommended to edit this file directly.
$data merge entity $(bone_head) { transformation: [-0.9997438337957705f,0.010153336459411143f,-0.02022811276606835f,0.010153336459411137f,0.010159285316444527f,0.999948374821791f,-0.00019134554592817966f,0.998323374821791f,0.020225125690434154f,-0.00039679969866968524f,-0.9997953724841925f,0.06210320030133031f,0f,0f,0f,1f], start_interpolation: 0, interpolation_duration: 1 }
$data merge entity $(bone_left_wing) { transformation: [-0.07679532226306743f,0.9968244282577486f,-0.021060334924309913f,0.35286585903841106f,0.996972407001183f,0.07703061714826383f,0.010597344008053691f,0.963576754232772f,0.012185981978447526f,-0.02018274635350926f,-0.9997220406657297f,0.02391960794569599f,0f,0f,0f,1f], start_interpolation: 0, interpolation_duration: 1 }
$data merge entity $(bone_right_wing) { transformation: [-0.0970235377920936f,-0.995054585096775f,-0.021279233825287312f,-0.3344580266961812f,-0.9951974895303211f,0.09727186948555054f,-0.010960850301536096f,0.9705612628878275f,0.01297651520450872f,0.020113579608590056f,-0.9997134859390845f,0.03782438185786947f,0f,0f,0f,1f], start_interpolation: 0, interpolation_duration: 1 }
$data merge entity $(bone_body) { transformation: [-0.9997438337957705f,0.010153336459411143f,-0.02022811276606835f,-7.654042494670958e-18f,0.010159285316444527f,0.999948374821791f,-0.00019134554592817966f,-0.001625000000000005f,0.020225125690434154f,-0.00039679969866968524f,-0.9997953724841925f,0.0625f,0f,0f,0f,1f], start_interpolation: 0, interpolation_duration: 1 }