# This file was generated by Animated Java via MC-Build. It is not recommended to edit this file directly.
$data merge entity $(bone_head) { transformation: [-0.9988294219356628f,-0.021664884627017558f,0.04324833695955948f,-0.021664884627017565f,-0.021702652869270256f,0.9997643881042514f,-0.00040390217594927266f,0.9942643881042514f,-0.043229396642857916f,-0.001342033021128519f,-0.999064271312544f,0.06115796697887148f,0f,0f,0f,1f], start_interpolation: 0, interpolation_duration: 1 }
$data merge entity $(bone_left_wing) { transformation: [-0.10757909407365658f,0.9931403553191402f,0.04581455178066315f,0.32371126733794703f,0.9937788595553273f,0.10875527554077685f,-0.023997256988300488f,0.9704694159568068f,-0.028815218534728675f,0.04294792985257182f,-0.9986616837058356f,0.04483925212824715f,0f,0f,0f,1f], start_interpolation: 0, interpolation_duration: 1 }
$data merge entity $(bone_right_wing) { transformation: [-0.06442636709066805f,-0.9969167935415604f,0.04479006562076378f,-0.36298396024282115f,-0.9975799881800392f,0.06551514009499157f,0.023279467370331448f,0.9555488421091836f,-0.02614211939019441f,-0.0431818616220685f,-0.998725145583429f,0.015119041936282343f,0f,0f,0f,1f], start_interpolation: 0, interpolation_duration: 1 }
$data merge entity $(bone_body) { transformation: [-0.9988294219356628f,-0.021664884627017558f,0.04324833695955948f,-7.654042494670958e-18f,-0.021702652869270256f,0.9997643881042514f,-0.00040390217594927266f,-0.005499999999999998f,-0.043229396642857916f,-0.001342033021128519f,-0.999064271312544f,0.0625f,0f,0f,0f,1f], start_interpolation: 0, interpolation_duration: 1 }