# This file was generated by Animated Java via MC-Build. It is not recommended to edit this file directly.
$data merge entity $(bone_head) { transformation: [-0.9959056534551972f,-0.04035861616398878f,0.08088950189798777f,-0.04035861616398879f,-0.04050204236147591f,0.9991794468580673f,-0.00013244227412705393f,0.9851794468580672f,-0.08081778257615063f,-0.003408090042030583f,-0.9967230663237103f,0.05909190995796942f,0f,0f,0f,1f], start_interpolation: 0, interpolation_duration: 1 }
$data merge entity $(bone_left_wing) { transformation: [-0.12338484139522264f,0.9885984466036226f,0.08630928273818622f,0.305772955900672f,0.9909125736524348f,0.12743214669149897f,-0.04305019590087862f,0.9678735273844435f,-0.053557933972320844f,0.08021321189492862f,-0.9953378262409782f,0.0558319297097187f,0f,0f,0f,1f], start_interpolation: 0, interpolation_duration: 1 }
$data merge entity $(bone_right_wing) { transformation: [-0.043050075650403946f,-0.9956334169397028f,0.08282988626979096f,-0.37891218084977607f,-0.9979773940864171f,0.04673630696671982f,0.043091048996243025f,0.9400283732609288f,-0.046774051342369026f,-0.08080728113285678f,-0.9956316444533776f,0.0002697041886151469f,0f,0f,0f,1f], start_interpolation: 0, interpolation_duration: 1 }
$data merge entity $(bone_body) { transformation: [-0.9959056534551972f,-0.04035861616398878f,0.08088950189798777f,-7.654042494670958e-18f,-0.04050204236147591f,0.9991794468580673f,-0.00013244227412705393f,-0.013999999999999995f,-0.08081778257615063f,-0.003408090042030583f,-0.9967230663237103f,0.0625f,0f,0f,0f,1f], start_interpolation: 0, interpolation_duration: 1 }