execute if entity @s[tag=aj.tux.bone.left_wing] run data modify entity @s {} merge value {transformation:[-0.9943231038590623f,-0.10563836668640485f,-0.0127318740140176f,0.31355997725660445f,-0.10611521566094903f,0.9933028444823571f,0.045705799943648935f,0.9371244958522155f,0.00781832061957204f,0.04679737842109588f,-0.9988738054607309f,0.007073177781444881f,0f,0f,0f,1f],start_interpolation:0}
execute if entity @s[tag=aj.tux.bone.right_wing] run data modify entity @s {} merge value {transformation:[-0.9848845629378408f,0.16009213822273452f,-0.06612794391186888f,-0.3114006958242186f,0.16763618202905248f,0.9770690422826328f,-0.13127908092160398f,0.937770967381976f,0.04359481805743442f,-0.14038017627917235f,-0.989137451493152f,0.014054522703864362f,0f,0f,0f,1f],start_interpolation:0}
execute if entity @s[tag=aj.tux.bone.head] run data modify entity @s {} merge value {transformation:[-0.9999973028274853f,0.0008822517225821171f,0.002148480777786038f,0.001151616763939137f,0.0008552116357699737f,0.9999208267050169f,-0.012554239706707946f,0.9999442470582354f,-0.002159386675090604f,-0.012552368439997276f,-0.9999188842579853f,0.011219881616856288f,0f,0f,0f,1f],start_interpolation:0}
execute if entity @s[tag=aj.tux.bone.body] run data modify entity @s {} merge value {transformation:[-0.9999370769293169f,0.001151616763939137f,-0.011158672003529225f,-8.858845479943234e-20f,0.0010343544476166767f,0.9999442470582354f,0.010508705249246192f,0f,0.011170151875871169f,0.010496501987226658f,-0.9998825186756203f,0.0007233796296296294f,0f,0f,0f,1f],start_interpolation:0}