execute if entity @s[tag=aj.tux.bone.left_wing] run data modify entity @s {} merge value {transformation:[-0.9907631930496031f,-0.13105540814311603f,-0.03482492346863247f,0.31547213824057013f,-0.13421896781128065f,0.9843617379678044f,0.11409310892721838f,0.9363737621186433f,0.019327803233405234f,0.11771341818775374f,-0.9928595002318937f,0.01793555774532265f,0f,0f,0f,1f],start_interpolation:0}
execute if entity @s[tag=aj.tux.bone.right_wing] run data modify entity @s {} merge value {transformation:[-0.9522994088262503f,0.23112960225565285f,-0.1992609919435261f,-0.30926995572341937f,0.28295564650841487f,0.9133141274134089f,-0.2929051156536679f,0.9379723721469956f,0.1142888361047536f,-0.33531539127846083f,-0.9351479296419329f,0.03581740539781565f,0f,0f,0f,1f],start_interpolation:0}
execute if entity @s[tag=aj.tux.bone.head] run data modify entity @s {} merge value {transformation:[-0.9999946620405136f,0.002580152605382505f,-0.0020046703000486214f,0.0033078306758137573f,0.0026194989271099258f,0.9997989594683244f,-0.01987910640412885f,0.9996512716083408f,0.0019529761518843718f,-0.019884251521964432f,-0.9998003812889659f,0.02851392602201944f,0f,0f,0f,1f],start_interpolation:0}
execute if entity @s[tag=aj.tux.bone.body] run data modify entity @s {} merge value {transformation:[-0.9995873503423832f,0.0033078306758137577f,-0.028533967332178403f,-2.834830553581836e-19f,0.002557776045363725f,0.9996512716083408f,0.026282940351663342f,0f,0.028610956243988808f,0.026199111207204626f,-0.9992472265434401f,0.0023148148148148147f,0f,0f,0f,1f],start_interpolation:0}