execute if entity @s[tag=aj.tux.bone.left_wing] run data modify entity @s {} merge value {transformation:[-0.9858605440561697f,-0.15486057026941322f,-0.06400930751933982f,0.31836052093074624f,-0.16435093522925248f,0.968098065332498f,0.1891425546743634f,0.9351414023902969f,0.032676562893660215f,0.19698817140962202f,-0.979861164942335f,0.030732286759328216f,0f,0f,0f,1f],start_interpolation:0}
execute if entity @s[tag=aj.tux.bone.right_wing] run data modify entity @s {} merge value {transformation:[-0.8889314266995069f,0.2454810553521883f,-0.38670398251007876f,-0.30585223933296374f,0.41131423886439256f,0.7993035194946871f,-0.43810327621556505f,0.9378941312424571f,0.20154779962426977f,-0.5485006245999927f,-0.8114958713881625f,0.06197092321847441f,0f,0f,0f,1f],start_interpolation:0}
execute if entity @s[tag=aj.tux.bone.head] run data modify entity @s {} merge value {transformation:[-0.9999359456971345f,0.00502607574588439f,-0.010141157003716268f,0.0066710835188173055f,0.005265908582748292f,0.9997037506910448f,-0.023763018769835068f,0.9989522846041354f,0.010018717960673856f,-0.02381489905193867f,-0.9996661822196299f,0.049181295321494733f,0f,0f,0f,1f],start_interpolation:0}
execute if entity @s[tag=aj.tux.bone.body] run data modify entity @s {} merge value {transformation:[-0.9987404164219359f,0.006671083518817306f,-0.04973004373638846f,-4.783776559169348e-19f,0.004404366163456321f,0.9989522846041354f,0.04555145050244437f,0f,0.04998181833463391f,0.045275045321494733f,-0.9977234026057022f,0.00390625f,0f,0f,0f,1f],start_interpolation:0}