execute if entity @s[tag=aj.tux.bone.left_wing] run data modify entity @s {} merge value {transformation:[-0.9888512174089009f,-0.1417302722860464f,-0.04567055667120209f,0.3253537190257625f,-0.14641019031900818f,0.9813409298421184f,0.12463561123273856f,0.9306153442080362f,0.027153747433570758f,0.12993271079420177f,-0.9911509293069265f,0.028416529221161835f,0f,0f,0f,1f],start_interpolation:0}
execute if entity @s[tag=aj.tux.bone.right_wing] run data modify entity @s {} merge value {transformation:[-0.9176301135092706f,0.05578895219455914f,-0.39350040354997895f,-0.29902437642101665f,0.3452822065225314f,-0.37839620934724383f,-0.8588343883488649f,0.9370402645734058f,-0.19681253171456103f,-0.9239609848714772f,0.32796482402147176f,0.05554058357428815f,0f,0f,0f,1f],start_interpolation:0}
execute if entity @s[tag=aj.tux.bone.head] run data modify entity @s {} merge value {transformation:[-0.9995573703855226f,0.01564343998731387f,0.02530506062712483f,0.014042316055864434f,0.01536513369946685f,0.9998197190210408f,-0.011155362974117067f,0.9960829913501024f,-0.02547500685724465f,-0.010761609640295572f,-0.9996175327511885f,0.047434877167175524f,0f,0f,0f,1f],start_interpolation:0}
execute if entity @s[tag=aj.tux.bone.body] run data modify entity @s {} merge value {transformation:[-0.9990049527148467f,0.014042316055864429f,-0.04233105019951792f,4.8822081756131595e-18f,0.010279872584591567f,0.9960829913501024f,0.08782367882682021f,0f,0.0433984869650021f,0.08730113231120842f,-0.9952361948936189f,-0.0398662551440329f,0f,0f,0f,1f],start_interpolation:0}