execute if entity @s[tag=aj.tux.bone.left_wing] run data modify entity @s {} merge value {transformation:[-0.9953774321167086f,-0.09059850836291791f,0.03186970215049869f,0.3124250325649301f,-0.0911067697046684f,0.9957300754789928f,-0.014871896334347904f,0.9375244748732845f,-0.030386249303389217f,-0.017706695598370965f,-0.9993813830486632f,-0.009521204630890174f,0f,0f,0f,1f],start_interpolation:0}
execute if entity @s[tag=aj.tux.bone.right_wing] run data modify entity @s {} merge value {transformation:[-0.9744561583288235f,0.19058212994146276f,0.11880087222746501f,-0.312266642957914f,0.19790560271789612f,0.9787799274924645f,0.05313403759091048f,0.9373922433686257f,-0.10615351104837428f,0.07528814836892615f,-0.9914953992869969f,-0.029150087617215194f,0f,0f,0f,1f],start_interpolation:0}
execute if entity @s[tag=aj.tux.bone.head] run data modify entity @s {} merge value {transformation:[-0.999320517577385f,0.0002855002138311048f,0.0368567719489273f,0.00008447445707525677f,-0.0002629598228119153f,0.9998893243582948f,-0.014875143241136429f,0.9999555830623521f,-0.036856939658616784f,-0.014874727692991304f,-0.9992098420627474f,-0.01992468919898953f,0f,0f,0f,1f],start_interpolation:0}
execute if entity @s[tag=aj.tux.bone.body] run data modify entity @s {} merge value {transformation:[-0.9995066808365506f,0.00008447445707525548f,0.031406811795659274f,1.285879139104721e-18f,-0.00021157040745395264f,0.9999555830623521f,-0.009422692841971336f,0f,-0.031406212778120036f,-0.00942468919898953f,-0.9994622679383339f,-0.0105f,0f,0f,0f,1f],start_interpolation:0}