execute if entity @s[tag=aj.tux.bone.left_wing] run data modify entity @s {} merge value {transformation:[-0.9761432959839637f,-0.16700015183160558f,-0.1387631615155284f,0.33128567665325087f,-0.20320955832221194f,0.9277882201632699f,0.31291355664586246f,0.928950452641945f,0.07648621517669367f,0.33364647130532116f,-0.9395902782987124f,0.06215590865495696f,0f,0f,0f,1f],start_interpolation:0}
execute if entity @s[tag=aj.tux.bone.right_wing] run data modify entity @s {} merge value {transformation:[-0.5738287956551463f,-0.1734191525818195f,-0.8004038423163448f,-0.28958767956087844f,0.6933789476055279f,0.4172204998702604f,-0.5874969697840671f,0.9353393088490181f,0.4358281178336421f,-0.8921058524669669f,-0.11916794745136515f,0.13357339992823167f,0f,0f,0f,1f],start_interpolation:0}
execute if entity @s[tag=aj.tux.bone.head] run data modify entity @s {} merge value {transformation:[-0.9992538643333556f,0.01561524158595245f,-0.035325328661853325f,0.022238931782598628f,0.016777932376529567f,0.9993191158233667f,-0.03286039767217036f,0.9942878727951803f,0.03478815315627168f,-0.03342856533291429f,-0.9988354796560637f,0.1043889645777006f,0f,0f,0f,1f],start_interpolation:0}
execute if entity @s[tag=aj.tux.bone.body] run data modify entity @s {} merge value {transformation:[-0.9933973699426069f,0.022238931782598628f,-0.11254819103068878f,0f,0.010222169931316909f,0.9942878727951803f,0.10624092080893684f,0f,0.11426798603723953f,0.1043889645777006f,-0.9879502879403339f,0f,0f,0f,0f,1f],start_interpolation:0}