execute if entity @s[tag=aj.tux.bone.left_wing] run data modify entity @s {} merge value {transformation:[-0.992318831281097f,-0.09314070169378189f,0.08141343115793433f,0.3127624769401524f,-0.0965552064066054f,0.9945611953992121f,-0.03905279403408081f,0.9374105671458527f,-0.07733323477454959f,-0.04661371358388477f,-0.9959150227329758f,-0.02461277411218611f,0f,0f,0f,1f],start_interpolation:0}
execute if entity @s[tag=aj.tux.bone.right_wing] run data modify entity @s {} merge value {transformation:[-0.897817114239849f,0.30389731433000755f,0.31870182258819685f,-0.3102248804034033f,0.35294283536013155f,0.929383083423188f,0.10806682754091884f,0.9370149548683936f,-0.2633548639117589f,0.20950777214656296f,-0.9416744177603015f,-0.07472860076424045f,0f,0f,0f,1f],start_interpolation:0}
execute if entity @s[tag=aj.tux.bone.head] run data modify entity @s {} merge value {transformation:[-0.9958458968397493f,0.0023464270613929787f,0.09102441445832443f,0.001353384819599536f,-0.0009028554255388595f,0.9993643129034294f,-0.035639233256860685f,0.9996936117409313f,-0.09105017627394159f,-0.035573366091809645f,-0.9952107319685525f,-0.051215399934094165f,0f,0f,0f,1f],start_interpolation:0}
execute if entity @s[tag=aj.tux.bone.body] run data modify entity @s {} merge value {transformation:[-0.9967797717496891f,0.0013533848195995328f,0.08017639914692938f,3.2453140177404865e-18f,-0.000632979643934427f,0.9996936117409313f,-0.024744332303428776f,0f,-0.08018532264328694f,-0.024715399934094162f,-0.9964735134657066f,-0.026500000000000003f,0f,0f,0f,1f],start_interpolation:0}