execute if entity @s[tag=aj.tux.bone.left_wing] run data modify entity @s {} merge value {transformation:[-0.9767936073192254f,-0.1555460416778078f,-0.14724020381220826f,0.3352800146476263f,-0.1944844745634689f,0.9321123312674582f,0.30551987014417853f,0.9268517998472946f,0.08972200317684834f,0.3270657897388688f,-0.9407326566716092f,0.06649631027547558f,0f,0f,0f,1f],start_interpolation:0}
execute if entity @s[tag=aj.tux.bone.right_wing] run data modify entity @s {} merge value {transformation:[-0.4922383279984935f,-0.34211802475923037f,-0.8004103232618193f,-0.28453404138789445f,0.733009098123146f,0.33301337644147655f,-0.5931270969865899f,0.9341747203449348f,0.4694668151402608f,-0.8786679396938811f,0.0868536771597501f,0.14650825173537013f,0f,0f,0f,1f],start_interpolation:0}
execute if entity @s[tag=aj.tux.bone.head] run data modify entity @s {} merge value {transformation:[-0.9991549805119887f,0.019265886687003304f,-0.03630634281018805f,0.027064519071856964f,0.02075709865408014f,0.9989371845628613f,-0.0411539081144081f,0.9925474774358557f,0.035474889338123816f,-0.0418727465995235f,-0.9984929670852268f,0.11392822182416573f,0f,0f,0f,1f],start_interpolation:0}
execute if entity @s[tag=aj.tux.bone.body] run data modify entity @s {} merge value {transformation:[-0.9917024896568332f,0.027064519071856964f,-0.12567292395678456f,5.984642279783874e-19f,0.01171667279622422f,0.9925474774358557f,0.12129395951285386f,0f,0.12801910633583133f,0.1188150530998859f,-0.9846289105900996f,-0.004886831275720163f,0f,0f,0f,1f],start_interpolation:0}