execute if entity @s[tag=aj.tux.bone.left_wing] run data modify entity @s {} merge value {transformation:[-0.9879160143817972f,-0.12050869444466081f,0.09746590732778469f,0.31445799704881483f,-0.12431041570328895f,0.9916641085589709f,-0.0339000935635439f,0.9360774151214588f,-0.09256818608820437f,-0.04560647277728145f,-0.9946613396353328f,-0.017895202011791088f,0f,0f,0f,1f],start_interpolation:0}
execute if entity @s[tag=aj.tux.bone.right_wing] run data modify entity @s {} merge value {transformation:[-0.7730422017981775f,0.628658811472018f,-0.0848165844491266f,-0.3078807817172645f,0.28996514223386716f,0.23126746081781277f,-0.9286740966863322f,0.9388218798635826f,-0.5642038377468903f,-0.7424981214289175f,-0.3610686487999333f,-0.0754444188372543f,0f,0f,0f,1f],start_interpolation:0}
execute if entity @s[tag=aj.tux.bone.head] run data modify entity @s {} merge value {transformation:[-0.9915003430358242f,0.00846953335747202f,0.12982810467903166f,0.003507848176826821f,0.004746279922127884f,0.9995692749155907f,-0.028960964618280658f,0.9999462906586888f,-0.13001747031358418f,-0.028098605827107638f,-0.9911134777430025f,-0.04606028063938113f,0f,0f,0f,1f],start_interpolation:0}
execute if entity @s[tag=aj.tux.bone.body] run data modify entity @s {} merge value {transformation:[-0.995742046025727f,0.003507848176826814f,0.09211662595681289f,6.835091445858429e-18f,0.004391143587398086f,0.9999462906586888f,0.00938795270141725f,0f,-0.09207874692074114f,0.009752476562264968f,-0.9957039688413463f,-0.0558127572016461f,0f,0f,0f,1f],start_interpolation:0}