execute if entity @s[tag=aj.tux.bone.left_wing] run data modify entity @s {} merge value {transformation:[-0.9785203456474468f,-0.14407862812711536f,-0.1474424703774646f,0.3378097204052967f,-0.18122453801637198f,0.9421131834381393f,0.28210001136619556f,0.9254066636818798f,0.09826291250901162f,0.30276079420734703f,-0.9479875007172737f,0.0658191577722037f,0f,0f,0f,1f],start_interpolation:0}
execute if entity @s[tag=aj.tux.bone.right_wing] run data modify entity @s {} merge value {transformation:[-0.4609987240690268f,-0.45323891287602514f,-0.7629250711974852f,-0.281493291009364f,0.7529707247995017f,0.2551616685636512f,-0.6065703673035197f,0.9333642627245613f,0.4695905280152513f,-0.8540884092122855f,0.22364642909643173f,0.1496371550651985f,0f,0f,0f,1f],start_interpolation:0}
execute if entity @s[tag=aj.tux.bone.head] run data modify entity @s {} merge value {transformation:[-0.9993059286642947f,0.0224321485352913f,-0.029739866315811242f,0.030035429011164103f,0.02404816944491983f,0.998188802546425f,-0.055143449450345466f,0.9913444940834353f,0.028449015496851943f,-0.055820365307161876f,-0.9980354404199456f,0.11571593200436486f,0f,0f,0f,1f],start_interpolation:0}
execute if entity @s[tag=aj.tux.bone.body] run data modify entity @s {} merge value {transformation:[-0.9908848182634572f,0.030035429011164103f,-0.1313207902013641f,1.480411511314959e-18f,0.012732158468290152f,0.9913444940834353f,0.13066746416455802f,0f,0.1341087956687917f,0.12780440937062001f,-0.9826906246981769f,-0.012088477366255145f,0f,0f,0f,1f],start_interpolation:0}