execute if entity @s[tag=aj.tux.bone.left_wing] run data modify entity @s {} merge value {transformation:[-0.990271723184805f,-0.13638777847262532f,0.02757332304780833f,0.31822399731566137f,-0.1353562914952413f,0.9901301606117593f,0.03634473001119876f,0.9340208813877151f,-0.032258155763341144f,0.032258935664924694f,-0.9989588442255838f,0.005249641428725894f,0f,0f,0f,1f],start_interpolation:0}
execute if entity @s[tag=aj.tux.bone.right_wing] run data modify entity @s {} merge value {transformation:[-0.8813172978331066f,0.3756399285180616f,-0.2866608878851397f,-0.30656800312838145f,0.1992652014344858f,-0.2546257661666198f,-0.9462870065161707f,0.9386704775712196f,-0.42845443169306213f,-0.8911006471252318f,0.14955412617366245f,-0.010188539696703254f,0f,0f,0f,1f],start_interpolation:0}
execute if entity @s[tag=aj.tux.bone.head] run data modify entity @s {} merge value {transformation:[-0.9976236481020252f,0.009203682740039465f,0.06828139550146481f,0.00621653023321597f,0.009571709925082727f,0.9999413641456837f,0.005064646046796503f,0.9987687247780985f,-0.06823077836810036f,0.005706180376570495f,-0.9976532465685626f,0.0006066616644861481f,0f,0f,0f,1f],start_interpolation:0}
execute if entity @s[tag=aj.tux.bone.body] run data modify entity @s {} merge value {transformation:[-0.9996672007104684f,0.0062165302332159635f,0.025036824390393897f,5.953144162521855e-18f,0.0074393538936069715f,0.9987687247780985f,0.04904783806424586f,0f,-0.024701089800686644f,0.04921777277559725f,-0.9984825822244813f,-0.048611111111111105f,0f,0f,0f,1f],start_interpolation:0}