execute if entity @s[tag=aj.tux.bone.left_wing] run data modify entity @s {} merge value {transformation:[-0.9807527484894214f,-0.1704631839212445f,-0.09521737896979565f,0.322187381469273f,-0.18957475715142103f,0.948085030845351f,0.2553354376853113f,0.9334020479153396f,0.046748880001829515f,0.26847174379141225f,-0.962152516498384f,0.04359638686478187f,0f,0f,0f,1f],start_interpolation:0}
execute if entity @s[tag=aj.tux.bone.right_wing] run data modify entity @s {} merge value {transformation:[-0.7950384017753194f,0.16991165525542812f,-0.5822748226661584f,-0.3011350466742971f,0.531304721062124f,0.6581973966698664f,-0.5333774277133495f,0.9374065054649948f,0.29262473080661594f,-0.7334208999103933f,-0.6135670709017756f,0.08918273233068755f,0f,0f,0f,1f],start_interpolation:0}
execute if entity @s[tag=aj.tux.bone.head] run data modify entity @s {} merge value {transformation:[-0.9997678446009286f,0.008152862309409713f,-0.019944616771881342f,0.011227911890653855f,0.008670489787299665f,0.9996241861912407f,-0.02600594140476427f,0.997764561802845f,0.019725098449988432f,-0.02617283358109143f,-0.9994628073487651f,0.07050688826227505f,0f,0f,0f,1f],start_interpolation:0}
execute if entity @s[tag=aj.tux.bone.body] run data modify entity @s {} merge value {transformation:[-0.9973158850297121f,0.011227911890653855f,-0.07235301971568064f,-5.669661107163672e-19f,0.006407132079448349f,0.997764561802845f,0.06651937964904098f,0f,0.0729381527454491f,0.06587725863264543f,-0.9951583857201471f,0.004629629629629629f,0f,0f,0f,1f],start_interpolation:0}