execute if entity @s[tag=aj.tux.bone.left_wing] run data modify entity @s {} merge value {transformation:[-0.9825391666726379f,-0.10900236404977193f,0.15078219585149716f,0.31401953017898276f,-0.12054817697554925f,0.9902608253987448f,-0.0696536769199462f,0.9366923084829113f,-0.14172128627030559f,-0.0866139845068773f,-0.9861100824480665f,-0.036998240517266606f,0f,0f,0f,1f],start_interpolation:0}
execute if entity @s[tag=aj.tux.bone.right_wing] run data modify entity @s {} merge value {transformation:[-0.6192025514657313f,0.7109598317083634f,0.3333531430113476f,-0.3042945354497729f,0.4922512821752503f,0.6822093367245806f,-0.5406284270019751f,0.9377716276959043f,-0.6117817220669071f,-0.17066498933004232f,-0.7723966506671467f,-0.12816595034742165f,0f,0f,0f,1f],start_interpolation:0}
execute if entity @s[tag=aj.tux.bone.head] run data modify entity @s {} merge value {transformation:[-0.9840028252637193f,0.011010414029021934f,0.17781229050863687f,0.005186663855578593f,0.0009456943472246215f,0.9983971171163905f,-0.056588887565337614f,0.9997140992953683f,-0.17815034531322127f,-0.055515469164822084f,-0.9824359964639884f,-0.08404092922934266f,0f,0f,0f,1f],start_interpolation:0}
execute if entity @s[tag=aj.tux.bone.body] run data modify entity @s {} merge value {transformation:[-0.989302505006009f,0.005186663855578586f,0.1457863234562309f,7.433555673836815e-18f,0.0017269107407889151f,0.9997140992953683f,-0.023848216900724202f,0f,-0.14586833572824806f,-0.0233413407519764f,-0.9890286196282548f,-0.060699588477366256f,0f,0f,0f,1f],start_interpolation:0}