execute if entity @s[tag=aj.tux.bone.left_wing] run data modify entity @s {} merge value {transformation:[-0.9772003922412714f,-0.17405502029451575f,-0.12159047377891555f,0.32667390560662374f,-0.20324045343268576f,0.9325073042983463f,0.29853550127029715f,0.9312571189848694f,0.0614224021997003f,0.3164411119632008f,-0.9466215247750873f,0.0546740987736771f,0f,0f,0f,1f],start_interpolation:0}
execute if entity @s[tag=aj.tux.bone.right_wing] run data modify entity @s {} merge value {transformation:[-0.6829149542998331f,0.014849352260029147f,-0.7303469462735602f,-0.2954688243679055f,0.6272771432510119f,0.5242964303625343f,-0.5758790139117362f,0.9365073086912675f,0.37436686652067164f,-0.8514063365083455f,-0.36736453204539465f,0.11413718856799317f,0f,0f,0f,1f],start_interpolation:0}
execute if entity @s[tag=aj.tux.bone.head] run data modify entity @s {} merge value {transformation:[-0.9995068572587039f,0.011784990563610777f,-0.029105949396036696f,0.016642709993983033f,0.012612884005536786f,0.9995163140448691f,-0.028426275085240926f,0.9961410280939397f,0.02875686787346489f,-0.028779366837623777f,-0.9991720525487758f,0.08979156003901427f,0f,0f,0f,1f],start_interpolation:0}
execute if entity @s[tag=aj.tux.bone.body] run data modify entity @s {} merge value {transformation:[-0.9954283679592467f,0.016642709993983033f,-0.09404990412566482f,-4.42942273997162e-19f,0.008400303530236897f,0.9961410280939397f,0.08736410617953352f,0f,0.09514094367090571f,0.08617466189086612f,-0.9917268416683116f,0.003616898148148149f,0f,0f,0f,1f],start_interpolation:0}