execute if entity @s[tag=aj.tux.bone.left_wing] run data modify entity @s {} merge value {transformation:[-0.9867372286935362f,-0.09362308554278863f,0.13260603064584808f,0.31380492496421447f,-0.10282696853199727f,0.9926164692684666f,-0.06433629985881126f,0.9370563677846825f,-0.12560356703819978f,-0.07711849836745346f,-0.9890786021125064f,-0.039714149714855373f,0f,0f,0f,1f],start_interpolation:0}
execute if entity @s[tag=aj.tux.bone.right_wing] run data modify entity @s {} merge value {transformation:[-0.7624322015717988f,0.373965970031163f,0.5280592687047841f,-0.30584950194305877f,0.49127575861825135f,0.8656679530130353f,0.09626590320712111f,0.9364661240083848f,-0.42112381433545376f,0.3328189423468449f,-0.8437335388703509f,-0.12128033649898406f,0f,0f,0f,1f],start_interpolation:0}
execute if entity @s[tag=aj.tux.bone.head] run data modify entity @s {} merge value {transformation:[-0.9891801362196914f,0.006641684868319908f,0.14655560763922587f,0.004242892277949699f,-0.0015934958011882797f,0.9984293465660112f,-0.05600268464010778f,0.9992119956229693f,-0.1466973717539765f,-0.05563027896638395f,-0.987615893544954f,-0.08296372598071436f,0f,0f,0f,1f],start_interpolation:0}
execute if entity @s[tag=aj.tux.bone.body] run data modify entity @s {} merge value {transformation:[-0.9914470830516371f,0.0042428922779496935f,0.13044032878491957f,5.327213576290986e-18f,-0.0009443900420762338f,0.9992119956229693f,-0.03967991848040545f,0f,-0.1305058988546059f,-0.03946372598071437f,-0.9906618114653812f,-0.0435f,0f,0f,0f,1f],start_interpolation:0}