execute if entity @s[tag=aj.tux.bone.left_wing] run data modify entity @s {} merge value {transformation:[-0.9809912681441857f,-0.09408430107510789f,0.16971822564495154f,0.3148622948602012f,-0.10929736964530064f,0.9905692331981057f,-0.08262372074613485f,0.9366785777795417f,-0.16034405761823772f,-0.0996029042374027f,-0.9820229348920492f,-0.049418627811356065f,0f,0f,0f,1f],start_interpolation:0}
execute if entity @s[tag=aj.tux.bone.right_wing] run data modify entity @s {} merge value {transformation:[-0.6178534479785198f,0.42745700781437945f,0.6599527432259311f,-0.3013869036998649f,0.5742488625354479f,0.8186476053142366f,0.007371715540507182f,0.9361567998835396f,-0.5371176413950658f,0.38353175198885875f,-0.7512709461429731f,-0.15363788237548848f,0f,0f,0f,1f],start_interpolation:0}
execute if entity @s[tag=aj.tux.bone.head] run data modify entity @s {} merge value {transformation:[-0.9821297615377631f,0.011287841449418745f,0.18786621872276413f,0.0071868752855126965f,-0.0018824193963338232f,0.9975607097671284f,-0.06977884225264344f,0.9988455347536433f,-0.18819561099821902f,-0.06888552071600951f,-0.9797128135513443f,-0.10449680543298376f,0f,0f,0f,1f],start_interpolation:0}
execute if entity @s[tag=aj.tux.bone.body] run data modify entity @s {} merge value {transformation:[-0.9859987176961058f,0.00718687528551269f,0.1665979517439081f,6.980486755139913e-18f,-0.0008348446336033798f,0.9988455347536433f,-0.04803020650742584f,0f,-0.16675080730261185f,-0.04749680543298375f,-0.9848544165193089f,-0.057f,0f,0f,0f,1f],start_interpolation:0}