execute if entity @s[tag=aj.tux.bone.left_wing] run data modify entity @s {} merge value {transformation:[-0.98468765200752f,-0.13852072903636428f,-0.1058406141854401f,0.3333641206898793f,-0.1578183410708284f,0.9662318026307669f,0.2036896531651775f,0.927001402737435f,0.0740513281823407f,0.21727427646210848f,-0.9732976366879242f,0.04774798011815347f,0f,0f,0f,1f],start_interpolation:0}
execute if entity @s[tag=aj.tux.bone.right_wing] run data modify entity @s {} merge value {transformation:[-0.8073450078507495f,-0.3196257687456473f,-0.496017546314873f,-0.2885015292322305f,0.579727874213464f,-0.27287697570251856f,-0.7677589126746659f,0.9347146871710778f,0.11004376474117594f,-0.9074015230785107f,0.405601831549597f,0.10978521643794495f,0f,0f,0f,1f],start_interpolation:0}
execute if entity @s[tag=aj.tux.bone.head] run data modify entity @s {} merge value {transformation:[-0.9997536093625129f,0.02133996449136101f,-0.00610954025564478f,0.023926715444079396f,0.02154580361068184f,0.9991236983468855f,-0.03588333524648592f,0.9929152479512068f,0.0053384373554273695f,-0.036006128883139046f,-0.9993373103059111f,0.08604102444583135f,0f,0f,0f,1f],start_interpolation:0}
execute if entity @s[tag=aj.tux.bone.body] run data modify entity @s {} merge value {transformation:[-0.9949850398753757f,0.023926715444079392f,-0.09711993982831227f,3.716777836918409e-18f,0.01234125509382842f,0.9929152479512068f,0.11818207905051649f,0f,0.09925957811166636f,0.1163908186845145f,-0.988231103274453f,-0.030349794238683142f,0f,0f,0f,1f],start_interpolation:0}