execute if entity @s[tag=aj.tux.bone.left_wing] run data modify entity @s {} merge value {transformation:[-0.9791400848807504f,-0.0987441730524471f,0.17757894714156078f,0.31485344824781986f,-0.11537519400907757f,0.9896022782889634f,-0.08588303332242572f,0.9366077077329917f,-0.1672520815627852f,-0.10457972601552154f,-0.9803518868852317f,-0.04850686090942078f,0f,0f,0f,1f],start_interpolation:0}
execute if entity @s[tag=aj.tux.bone.right_wing] run data modify entity @s {} merge value {transformation:[-0.5411498691555947f,0.5221461340041154f,0.6591814877994067f,-0.3006513973848101f,0.5984097146420416f,0.7898399373631224f,-0.1343826133406005f,0.9366077077329917f,-0.5908152270675775f,0.3217394723853064f,-0.7398790978087648f,-0.1570369719512523f,0f,0f,0f,1f],start_interpolation:0}
execute if entity @s[tag=aj.tux.bone.head] run data modify entity @s {} merge value {transformation:[-0.9797111515786908f,0.0130324927067213f,0.19999053379148926f,0.007574427126938535f,-0.0011893868250209877f,0.9974878065025526f,-0.07082839287818622f,0.9990482215818578f,-0.20041118938656097f,-0.06962923245717627f,-0.9772344269191956f,-0.10545671085902564f,0f,0f,0f,1f],start_interpolation:0}
execute if entity @s[tag=aj.tux.bone.body] run data modify entity @s {} merge value {transformation:[-0.984807753012208f,0.007574427126938527f,0.17348290307907735f,7.654042494670958e-18f,0f,0.9990482215818578f,-0.043619387365336f,0f,-0.17364817766693044f,-0.042956710859025644f,-0.9838704342468719f,-0.0625f,0f,0f,0f,1f],start_interpolation:0}