execute if entity @s[tag=aj.tux.bone.left_wing] run data modify entity @s {} merge value {transformation:[-0.9809162654324383f,-0.13603404428258847f,-0.13891730995884163f,0.3380788269526707f,-0.16748669332496444f,0.9540738818981296f,0.2483772039437258f,0.925051962068297f,0.09874962161521147f,0.26690404020163616f,-0.958650481434655f,0.06006211919584252f,0f,0f,0f,1f],start_interpolation:0}
execute if entity @s[tag=aj.tux.bone.right_wing] run data modify entity @s {} merge value {transformation:[-0.5829027590064352f,-0.5122655485767008f,-0.630720525497702f,-0.28154314951403686f,0.7300256031603193f,0.010659549373919483f,-0.6833366613445795f,0.9332498387880311f,0.3567730262689395f,-0.858760957280055f,0.3677534853381351f,0.1414648285904253f,0f,0f,0f,1f],start_interpolation:0}
execute if entity @s[tag=aj.tux.bone.head] run data modify entity @s {} merge value {transformation:[-0.9995964865898626f,0.02510602124533965f,-0.013287275658725103f,0.030152361300604724f,0.026052322952290364f,0.9967194912997035f,-0.07662592336833426f,0.9910942937900417f,0.011319914575294271f,-0.07694116817730816f,-0.9969713717923494f,0.10886992770823173f,0f,0f,0f,1f],start_interpolation:0}
execute if entity @s[tag=aj.tux.bone.body] run data modify entity @s {} merge value {transformation:[-0.9913951623467321f,0.03015236130060472f,-0.12738315109736603f,2.55134749822365e-18f,0.013116602751574627f,0.9910942937900417f,0.13251435978442472f,0f,0.13024433503133248f,0.12970326104156504f,-0.9829615848381001f,-0.020833333333333315f,0f,0f,0f,1f],start_interpolation:0}