# This file was generated by Animated Java via MC-Build. It is not recommended to edit this file directly.
$data merge entity $(bone_head) { transformation: [-0.9999788508629335f,0.001774199868902863f,0.006256999414433509f,0.0017741998689028554f,0.0016919732759984039f,0.9999124656212539f,-0.013122435812681684f,0.9999124656212539f,-0.006279733535775498f,-0.013111571608690878f,-0.9998943202342284f,0.04938842839130912f,0f,0f,0f,1f], start_interpolation: 0, interpolation_duration: 1 }
$data merge entity $(bone_left_wing) { transformation: [-0.08685276019692326f,0.9962033330204568f,0.005959641357391309f,0.3456570173388341f,0.9961990159450052f,0.0868891615478819f,-0.006147701660763909f,0.9676735091378189f,-0.006642189125538219f,0.005403043997513822f,-0.999963343547743f,0.0207101258996839f,0f,0f,0f,1f], start_interpolation: 0, interpolation_duration: 1 }
$data merge entity $(bone_right_wing) { transformation: [-0.07083953704654729f,-0.9974781200760713f,0.004377209217859616f,-0.3418284426294326f,-0.9959723481682367f,0.07097303146901683f,0.05478969326749554f,0.9688367407650679f,-0.05496218404757168f,-0.0004783028371435922f,-0.9984883221906588f,0.016392809093838244f,0f,0f,0f,1f], start_interpolation: 0, interpolation_duration: 1 }
$data merge entity $(bone_body) { transformation: [-0.9999788508629335f,0.001774199868902863f,0.006256999414433509f,-7.654042494670958e-18f,0.0016919732759984039f,0.9999124656212539f,-0.013122435812681684f,0f,-0.006279733535775498f,-0.013111571608690878f,-0.9998943202342284f,0.0625f,0f,0f,0f,1f], start_interpolation: 0, interpolation_duration: 1 }