# This file was generated by Animated Java via MC-Build. It is not recommended to edit this file directly.
$data merge entity $(bone_head) { transformation: [-0.9762960160018292f,0.018863918906180527f,0.21561595883064172f,0.01886391890618052f,0.056018654979191264f,0.9842730474916745f,0.16753649833923953f,0.9842730474916745f,-0.20906458196757832f,0.17564373186923785f,-0.961998586288862f,0.23814373186923785f,0f,0f,0f,1f], start_interpolation: 0, interpolation_duration: 1 }
$data merge entity $(bone_left_wing) { transformation: [0.12691543289338247f,0.8748046546385013f,0.46755672288642963f,0.36061417565444875f,0.3011663526946024f,0.4151316262481534f,-0.8584664005616024f,0.9394936176815639f,-0.9450879857971508f,0.24976498776124667f,-0.21077511710472058f,0.2744583594781522f,0f,0f,0f,1f], start_interpolation: 0, interpolation_duration: 1 }
$data merge entity $(bone_right_wing) { transformation: [-0.12310398382149432f,-0.9180976574256534f,0.3767520412642844f,-0.3105893353468089f,-0.6708962937264492f,0.35673619453403904f,0.6501057226124735f,0.9780064429797578f,-0.7312616304930757f,-0.17273094377933573f,-0.6598639623662658f,0.13072645937544217f,0f,0f,0f,1f], start_interpolation: 0, interpolation_duration: 1 }
$data merge entity $(bone_body) { transformation: [-0.9762960160018292f,0.018863918906180527f,0.21561595883064172f,-7.654042494670958e-18f,0.056018654979191264f,0.9842730474916745f,0.16753649833923953f,0f,-0.20906458196757832f,0.17564373186923785f,-0.961998586288862f,0.0625f,0f,0f,0f,1f], start_interpolation: 0, interpolation_duration: 1 }
execute on vehicle unless entity @s[tag=aj.transforms_only] positioned ^0.0134759974 ^0.0104710311 ^0.0023750884 rotated ~12.6331116189 ~9.644616639 run function animated_java:tux/animations/animation_model_attack_combo/zzz/frames/zzz/1