# This file was generated by Animated Java via MC-Build. It is not recommended to edit this file directly.
$data merge entity $(bone_head) { transformation: [-0.9731450493189371f,0.010926671011516063f,0.22993329651585823f,0.010926671011516056f,0.054013814048919494f,0.981824085786273f,0.1819449709715496f,0.966300385786273f,-0.22376599580350057f,0.18947842207110382f,-0.9560474395611928f,0.24576894207110384f,0f,0f,0f,1f], start_interpolation: 0, interpolation_duration: 1 }
$data merge entity $(bone_left_wing) { transformation: [0.20412138760518866f,0.8695099347115972f,0.4497631960931954f,0.35228923876191137f,0.22129720236235972f,0.4065587463586211f,-0.8864183741247127f,0.9227369148689969f,-0.9536047437742355f,0.28046828554604913f,-0.10943278052820679f,0.2868908199525479f,0f,0f,0f,1f], start_interpolation: 0, interpolation_duration: 1 }
$data merge entity $(bone_right_wing) { transformation: [-0.2838942685351572f,-0.643470144055015f,0.7108798899973934f,-0.3167479826448579f,-0.927018667432412f,-0.005267025031495287f,-0.37497819760507767f,0.9598714120276289f,0.24503149700543203f,-0.7654530894556086f,-0.5950135572557497f,0.13305169783764126f,0f,0f,0f,1f], start_interpolation: 0, interpolation_duration: 1 }
$data merge entity $(bone_body) { transformation: [-0.9731450493189371f,0.010926671011516063f,0.22993329651585823f,-6.893600514034006e-18f,0.054013814048919494f,0.981824085786273f,0.1819449709715496f,-0.015523700000000007f,-0.22376599580350057f,0.18947842207110382f,-0.9560474395611928f,0.05629052f,0f,0f,0f,1f], start_interpolation: 0, interpolation_duration: 1 }