# This file was generated by Animated Java via MC-Build. It is not recommended to edit this file directly.
$data merge entity $(bone_head) { transformation: [-0.9843018661552935f,0.039865592216576755f,0.17193187848804628f,0.03986559221657675f,0.061943624927344516f,0.9902181651496876f,0.12502388867111083f,1.0361865651496875f,-0.16526591788407904f,0.13371133072708338f,-0.9771430071494783f,0.21459869072708335f,0f,0f,0f,1f], start_interpolation: 0, interpolation_duration: 1 }
$data merge entity $(bone_left_wing) { transformation: [-0.09421202866317444f,0.8813609379992455f,0.4629546312807111f,0.3823464301534423f,0.5216328887174914f,0.43978061227884374f,-0.731089695230271f,0.9878561229409574f,-0.8479523707516918f,0.17261491833771267f,-0.5011794757408272f,0.236694651941093f,0f,0f,0f,1f], start_interpolation: 0, interpolation_duration: 1 }
$data merge entity $(bone_right_wing) { transformation: [-0.2455421228342059f,-0.5410508197434869f,0.8043463659201626f,-0.29436110282832195f,-0.6270306367518782f,-0.544146437587014f,-0.5574380997347559f,1.0304423650785068f,0.7392845504192588f,-0.6412243483495167f,-0.2056445686010985f,0.12307433339578863f,0f,0f,0f,1f], start_interpolation: 0, interpolation_duration: 1 }
$data merge entity $(bone_body) { transformation: [-0.9843018661552935f,0.039865592216576755f,0.17193187848804628f,-9.905844651547961e-18f,0.061943624927344516f,0.9902181651496876f,0.12502388867111083f,0.04596839999999992f,-0.16526591788407904f,0.13371133072708338f,-0.9771430071494783f,0.08088735999999996f,0f,0f,0f,1f], start_interpolation: 0, interpolation_duration: 1 }