# This file was generated by Animated Java via MC-Build. It is not recommended to edit this file directly.
$data merge entity $(bone_head) { transformation: [-0.9948632784058181f,0.08528729715470641f,-0.05452645434715512f,0.0852872971547064f,0.08917401937192784f,0.9933121499453679f,-0.07334144149091987f,1.259843749945368f,0.04790669628228001f,-0.07782705002090078f,-0.9958151930636334f,0.09128558997909926f,0f,0f,0f,1f], start_interpolation: 0, interpolation_duration: 1 }
$data merge entity $(bone_left_wing) { transformation: [-0.33466544312467955f,0.9207440560651422f,-0.20057274091678567f,0.42290236937227327f,0.8068657655197782f,0.3899394432184649f,0.4437509065395314f,1.1958572560538836f,0.4867922324876847f,-0.013327184368191788f,-0.873416114201285f,0.04613053366198011f,0f,0f,0f,1f], start_interpolation: 0, interpolation_duration: 1 }
$data merge entity $(bone_right_wing) { transformation: [-0.029211680119188357f,-0.5873637737176145f,0.8087956942694597f,-0.2610661345317267f,-0.2893239123002348f,-0.7695364097384915f,-0.569302545100651f,1.2571643943720843f,0.9567854260574313f,-0.25063421835614474f,-0.14745893351406034f,0.07906638735604762f,0f,0f,0f,1f], start_interpolation: 0, interpolation_duration: 1 }
$data merge entity $(bone_body) { transformation: [-0.9948632784058181f,0.08528729715470641f,-0.05452645434715512f,-2.071032532713587e-17f,0.08917401937192784f,0.9933121499453679f,-0.07334144149091987f,0.2665316000000001f,0.04790669628228001f,-0.07782705002090078f,-0.9958151930636334f,0.16911264000000004f,0f,0f,0f,1f], start_interpolation: 0, interpolation_duration: 1 }