# This file was generated by Animated Java via MC-Build. It is not recommended to edit this file directly.
$data merge entity $(bone_head) { transformation: [-0.9895653933107965f,0.08106741625055225f,-0.1191150972131925f,0.08106741625055222f,0.09608696042519878f,0.9873275022456176f,-0.12630003699792153f,1.3153512022456175f,0.10736679373947461f,-0.1364275534189841f,-0.9848146497032908f,0.057281926581015885f,0f,0f,0f,1f], start_interpolation: 0, interpolation_duration: 1 }
$data merge entity $(bone_left_wing) { transformation: [-0.12049165040568839f,0.9458724936337564f,-0.3013419784390701f,0.4149748166553965f,0.5924922936004539f,0.31208016747767353f,0.742670082264784f,1.2475204489980949f,0.7965140577582965f,-0.08905725604445085f,-0.5980252176449136f,-0.006137505525813103f,0f,0f,0f,1f], start_interpolation: 0, interpolation_duration: 1 }
$data merge entity $(bone_right_wing) { transformation: [0.04449540925715678f,-0.5761741869559445f,0.8161148600783436f,-0.2653513912457761f,-0.19587953786639234f,-0.8060985134764944f,-0.5584231309824426f,1.313580234290419f,0.9796179690064318f,-0.1350129358863147f,-0.1487284167301972f,0.06767716517007569f,0f,0f,0f,1f], start_interpolation: 0, interpolation_duration: 1 }
$data merge entity $(bone_body) { transformation: [-0.9895653933107965f,0.08106741625055225f,-0.1191150972131925f,-2.3722569464649823e-17f,0.09608696042519878f,0.9873275022456176f,-0.12630003699792153f,0.3280237f,0.10736679373947461f,-0.1364275534189841f,-0.9848146497032908f,0.19370948f,0f,0f,0f,1f], start_interpolation: 0, interpolation_duration: 1 }
execute on vehicle unless entity @s[tag=aj.transforms_only] positioned ^-0.0074446936 ^0.3201299477 ^0.1321585644 rotated ~353.1034730969 ~-7.2558374703 run function animated_java:tux/animations/animation_model_attack_combo/zzz/frames/zzz/2