# This file was generated by Animated Java via MC-Build. It is not recommended to edit this file directly.
$data merge entity $(bone_head) { transformation: [-0.9928802629623483f,0.0757816760034493f,-0.09190169205148677f,0.07578167600344927f,0.08515636643162214f,0.991051295832958f,-0.102789699308724f,1.303520045832958f,0.08328971530736173f,-0.10988387784348909f,-0.9904485633863557f,0.07763487215651092f,0f,0f,0f,1f], start_interpolation: 0, interpolation_duration: 1 }
$data merge entity $(bone_left_wing) { transformation: [-0.20576875671625022f,0.9451250303293331f,-0.25376740492905214f,0.4118441611450398f,0.7325057932105336f,0.32070896501813173f,0.6004839903527868f,1.2400650137739104f,0.6489179313845903f,-0.06232525011562838f,-0.7583014450240542f,0.021486386096390725f,0f,0f,0f,1f], start_interpolation: 0, interpolation_duration: 1 }
$data merge entity $(bone_right_wing) { transformation: [0.02090328129578929f,-0.563834658281632f,0.8256231167739339f,-0.2707610196415747f,-0.21925157941103648f,-0.8082867308445111f,-0.5464442383871015f,1.2986100156956506f,0.9754444103878167f,-0.16959669472347866f,-0.14051748425742625f,0.07874806537020194f,0f,0f,0f,1f], start_interpolation: 0, interpolation_duration: 1 }
$data merge entity $(bone_body) { transformation: [-0.9928802629623483f,0.0757816760034493f,-0.09190169205148677f,-2.2964423696761275e-17f,0.08515636643162214f,0.991051295832958f,-0.102789699308724f,0.31246875f,0.08328971530736173f,-0.10988387784348909f,-0.9904485633863557f,0.18751875f,0f,0f,0f,1f], start_interpolation: 0, interpolation_duration: 1 }