# This file was generated by Animated Java via MC-Build. It is not recommended to edit this file directly.
$data merge entity $(bone_head) { transformation: [-0.9943513918739556f,0.06847871320493894f,-0.0810923875349765f,0.06847871320493891f,0.07590353894292637f,0.9928315580244638f,-0.09232632434282005f,1.3048315580244638f,0.07418869357433616f,-0.09796000831212534f,-0.992421218292526f,0.08983999168787465f,0f,0f,0f,1f], start_interpolation: 0, interpolation_duration: 1 }
$data merge entity $(bone_left_wing) { transformation: [-0.21961034632610515f,0.9483788792689359f,-0.2287985951511187f,0.40561290726348886f,0.7795870117343445f,0.3115920821373252f,0.5432812029551929f,1.2448285326888553f,0.586528249039757f,-0.059058239949423774f,-0.8077727015518864f,0.03638571545980909f,0f,0f,0f,1f], start_interpolation: 0, interpolation_duration: 1 }
$data merge entity $(bone_right_wing) { transformation: [0.012661713939188773f,-0.5562863075687167f,0.8308942321449132f,-0.27800367464985565f,-0.23518760193800478f,-0.8093054151337674f,-0.5382485828405036f,1.2970122157121171f,0.9718675181807305f,-0.1886008723381818f,-0.14107883632389434f,0.08739044229216518f,0f,0f,0f,1f], start_interpolation: 0, interpolation_duration: 1 }
$data merge entity $(bone_body) { transformation: [-0.9943513918739556f,0.06847871320493894f,-0.0810923875349765f,-2.2998866887987293e-17f,0.07590353894292637f,0.9928315580244638f,-0.09232632434282005f,0.312f,0.07418869357433616f,-0.09796000831212534f,-0.992421218292526f,0.1878f,0f,0f,0f,1f], start_interpolation: 0, interpolation_duration: 1 }