# This file was generated by Animated Java via MC-Build. It is not recommended to edit this file directly.
$data merge entity $(bone_head) { transformation: [-0.9956533034431418f,0.06092200417623536f,-0.07044862489722391f,0.06092200417623534f,0.06662506427478869f,0.9944309787519816f,-0.081658614418543f,1.3043997287519815f,0.0650814885596455f,-0.08599731336226012f,-0.9941674214845978f,0.1030214366377399f,0f,0f,0f,1f], start_interpolation: 0, interpolation_duration: 1 }
$data merge entity $(bone_left_wing) { transformation: [-0.22948041383718434f,0.9502472899200157f,-0.21063909339146825f,0.39907249507626974f,0.8072379683922719f,0.30672439289166975f,0.5042687866516762f,1.2478695631209442f,0.5437881959467599f,-0.05431606396731752f,-0.8374629324000356f,0.052269359066538706f,0f,0f,0f,1f], start_interpolation: 0, interpolation_duration: 1 }
$data merge entity $(bone_right_wing) { transformation: [0.00478882223791624f,-0.5484959072402632f,0.8361395259896847f,-0.28543915104089024f,-0.2514862798954238f,-0.8099359580551465f,-0.5298663934178625f,1.2936742948098612f,0.9678490162240876f,-0.20774018289674492f,-0.14181783457694158f,0.09701288245129498f,0f,0f,0f,1f], start_interpolation: 0, interpolation_duration: 1 }
$data merge entity $(bone_body) { transformation: [-0.9956533034431418f,0.06092200417623536f,-0.07044862489722391f,-2.3148120716633377e-17f,0.06662506427478869f,0.9944309787519816f,-0.081658614418543f,0.30996875f,0.0650814885596455f,-0.08599731336226012f,-0.9941674214845978f,0.18901875f,0f,0f,0f,1f], start_interpolation: 0, interpolation_duration: 1 }
execute on vehicle unless entity @s[tag=aj.transforms_only] positioned ^-0.0044030391 ^0.3048650866 ^0.1268832862 rotated ~355.9466857239 ~-4.6839093212 run function animated_java:tux/animations/animation_model_attack_combo/zzz/frames/zzz/3