# This file was generated by Animated Java via MC-Build. It is not recommended to edit this file directly.
$data merge entity $(bone_head) { transformation: [-0.9967855521754797f,0.053114774454286674f,-0.059978193611463775f,0.05311477445428665f,0.057324076635989346f,0.9958427297984593f,-0.07078988448488921f,1.3003427297984593f,0.0559688593063607f,-0.07400052866178047f,-0.9956864007034152f,0.11829947133821953f,0f,0f,0f,1f], start_interpolation: 0, interpolation_duration: 1 }
$data merge entity $(bone_left_wing) { transformation: [-0.23860195922860655f,0.9508425748438221f,-0.19740188174544004f,0.39222565276255317f,0.8215816316464908f,0.30602306061538515f,0.4809922129439126f,1.2473053092584834f,0.5177574022583937f,-0.04741607571238567f,-0.8542124959111036f,0.07025749245035695f,0f,0f,0f,1f], start_interpolation: 0, interpolation_duration: 1 }
$data merge entity $(bone_right_wing) { transformation: [-0.002618011019806521f,-0.5399645318517119f,0.8416836997117514f,-0.29306441435808916f,-0.26558890055169565f,-0.811082907826015f,-0.5211593350754039f,1.2867156119457261f,0.9640828190161059f,-0.22490624930102993f,-0.1412851623607423f,0.10873608322347994f,0f,0f,0f,1f], start_interpolation: 0, interpolation_duration: 1 }
$data merge entity $(bone_body) { transformation: [-0.9967855521754797f,0.053114774454286674f,-0.059978193611463775f,-2.35499579476036e-17f,0.057324076635989346f,0.9958427297984593f,-0.07078988448488921f,0.3045f,0.0559688593063607f,-0.07400052866178047f,-0.9956864007034152f,0.1923f,0f,0f,0f,1f], start_interpolation: 0, interpolation_duration: 1 }