# This file was generated by Animated Java via MC-Build. It is not recommended to edit this file directly.
$data merge entity $(bone_head) { transformation: [-0.9998145588761491f,-0.004284747677549593f,-0.0187746849941914f,-0.004284747677549601f,-0.005009443779267548f,0.9992373798550943f,0.03872420655544049f,0.9992373798550943f,0.018594443587097196f,0.03881107622400847f,-0.9990735443549791f,0.10131107622400848f,0f,0f,0f,1f], start_interpolation: 0, interpolation_duration: 1 }
$data merge entity $(bone_left_wing) { transformation: [-0.10158584309484261f,0.9945831353728521f,-0.022015978620455307f,0.3389486963949816f,0.990173549328815f,0.10322388462955641f,0.09434602191698716f,0.9709433394886032f,0.09610753712527757f,-0.012215419513481908f,-0.9952959986023369f,0.062485341847850456f,0f,0f,0f,1f], start_interpolation: 0, interpolation_duration: 1 }
$data merge entity $(bone_right_wing) { transformation: [-0.12810062177020876f,-0.9914340735169974f,-0.025469757980372064f,-0.3484238128323709f,-0.9781713697706211f,0.1305404744971741f,-0.16167855726446687f,0.9674993468903569f,0.16361846492114743f,0.0042026643388982585f,-0.986514741678654f,0.07526902181397978f,0f,0f,0f,1f], start_interpolation: 0, interpolation_duration: 1 }
$data merge entity $(bone_body) { transformation: [-0.9998145588761491f,-0.004284747677549593f,-0.0187746849941914f,-7.654042494670958e-18f,-0.005009443779267548f,0.9992373798550943f,0.03872420655544049f,0f,0.018594443587097196f,0.03881107622400847f,-0.9990735443549791f,0.0625f,0f,0f,0f,1f], start_interpolation: 0, interpolation_duration: 1 }