# This file was generated by Animated Java via MC-Build. It is not recommended to edit this file directly.
$data merge entity $(bone_head) { transformation: [-0.9977477506323712f,0.04506047854337244f,-0.04968882551928493f,0.04506047854337241f,0.048003717940180976f,0.9970600415085695f,-0.059723669435569046f,1.2900287915085695f,0.046851565309637376f,-0.061974405203856935f,-0.9969774841628395f,0.13724434479614306f,0f,0f,0f,1f], start_interpolation: 0, interpolation_duration: 1 }
$data merge entity $(bone_left_wing) { transformation: [-0.2482884539770084f,0.9503350124326454f,-0.1876598192644085f,0.385075352071292f,0.8268586925869497f,0.30884243969148467f,0.47002239301847293f,1.2405030224996278f,0.5046360531265153f,-0.038467019510941704f,-0.8624747777731461f,0.09192027300348701f,0f,0f,0f,1f], start_interpolation: 0, interpolation_duration: 1 }
$data merge entity $(bone_right_wing) { transformation: [-0.009596912085457744f,-0.5302411695378074f,0.8477925462078575f,-0.3008762264884632f,-0.2749712583256419f,-0.8137473168806015f,-0.5120606520368797f,1.2735055785835026f,0.961404548758345f,-0.2380327842898945f,-0.13799162014399088f,0.12413072415386271f,0f,0f,0f,1f], start_interpolation: 0, interpolation_duration: 1 }
$data merge entity $(bone_body) { transformation: [-0.9977477506323712f,0.04506047854337244f,-0.04968882551928493f,-2.4397260451763677e-17f,0.048003717940180976f,0.9970600415085695f,-0.059723669435569046f,0.29296875f,0.046851565309637376f,-0.061974405203856935f,-0.9969774841628395f,0.19921875f,0f,0f,0f,1f], start_interpolation: 0, interpolation_duration: 1 }