# This file was generated by Animated Java via MC-Build. It is not recommended to edit this file directly.
$data merge entity $(bone_head) { transformation: [-0.9985395695636444f,0.03676279900657348f,-0.03958818794607678f,0.03676279900657345f,0.03866713673059547f,0.9980762095508998f,-0.048463723191328294f,1.2700762095508997f,0.03773036645341592f,-0.049923707171148024f,-0.998040100852456f,0.161876292828852f,0f,0f,0f,1f], start_interpolation: 0, interpolation_duration: 1 }
$data merge entity $(bone_left_wing) { transformation: [-0.25886787044815174f,0.948918348487674f,-0.18039233230119237f,0.3776248077018059f,0.8260286330978245f,0.31428639747753656f,0.46786831230927683f,1.224080008401563f,0.500663682477747f,-0.02789315801440925f,-0.8651923767485501f,0.11927784205794939f,0f,0f,0f,1f], start_interpolation: 0, interpolation_duration: 1 }
$data merge entity $(bone_right_wing) { transformation: [-0.016241632882718633f,-0.5189255894947093f,0.8546651051311686f,-0.3088711463731996f,-0.2771318961320137f,-0.8189524636850773f,-0.5025084818890293f,1.2506636649038474f,0.9606946036631921f,-0.24501651942616143f,-0.13050970730452077f,0.14521746899467283f,0f,0f,0f,1f], start_interpolation: 0, interpolation_duration: 1 }
$data merge entity $(bone_body) { transformation: [-0.9985395695636444f,0.03676279900657348f,-0.03958818794607678f,-2.5938019205940943e-17f,0.03866713673059547f,0.9980762095508998f,-0.048463723191328294f,0.27199999999999996f,0.03773036645341592f,-0.049923707171148024f,-0.998040100852456f,0.21180000000000002f,0f,0f,0f,1f], start_interpolation: 0, interpolation_duration: 1 }