# This file was generated by Animated Java via MC-Build. It is not recommended to edit this file directly.
$data merge entity $(bone_head) { transformation: [-0.9991607380202379f,0.02822564534932634f,-0.029683876826782696f,0.02822564534932631f,0.029317487102481953f,0.9988846016697329f,-0.037014017575707936f,1.236353351669733f,0.028606022947088583f,-0.03785320979405926f,-0.9988737807948698f,0.1946655402059408f,0f,0f,0f,1f], start_interpolation: 0, interpolation_duration: 1 }
$data merge entity $(bone_left_wing) { transformation: [-0.27022322336713733f,0.9467882776161882f,-0.17484669548391873f,0.3698774764757797f,0.8212279074784009f,0.32144933532576153f,0.47143933734604015f,1.1939036336268347f,0.5025575922535859f,-0.016195128502057527f,-0.8643920315927724f,0.15480032697410376f,0f,0f,0f,1f], start_interpolation: 0, interpolation_duration: 1 }
$data merge entity $(bone_right_wing) { transformation: [-0.02255510654968125f,-0.5056845724326311f,0.8624235504507977f,-0.31704553091313387f,-0.2695586035376483f,-0.8276187474336208f,-0.49232648532781326f,1.2140594060097911f,0.9627198068116005f,-0.24357816425129658f,-0.11764459814459372f,0.17446696775022716f,0f,0f,0f,1f], start_interpolation: 0, interpolation_duration: 1 }
$data merge entity $(bone_body) { transformation: [-0.9991607380202379f,0.02822564534932634f,-0.029683876826782696f,-2.847533429292437e-17f,0.029317487102481953f,0.9988846016697329f,-0.037014017575707936f,0.23746874999999992f,0.028606022947088583f,-0.03785320979405926f,-0.9988737807948698f,0.23251875000000005f,0f,0f,0f,1f], start_interpolation: 0, interpolation_duration: 1 }