# This file was generated by Animated Java via MC-Build. It is not recommended to edit this file directly.
$data merge entity $(bone_head) { transformation: [-0.9996110434469297f,0.0194531526950298f,-0.019983409848274215f,0.019453152695029768f,0.01995792762364464f,0.9994786644201195f,-0.025378740984211577f,1.1839786644201196f,0.019479295262139498f,-0.02576769720402258f,-0.9994781552574784f,0.23853230279597734f,0f,0f,0f,1f], start_interpolation: 0, interpolation_duration: 1 }
$data merge entity $(bone_left_wing) { transformation: [-0.28209158508619936f,0.9441262485431784f,-0.17044050115902656f,0.3618370563004336f,0.8140353815512165f,0.32956175894966533f,0.4782629450634539f,1.1450913328806063f,0.5077112714982022f,-0.0038306461318250926f,-0.8615187699312719f,0.20140784323544642f,0f,0f,0f,1f], start_interpolation: 0, interpolation_duration: 1 }
$data merge entity $(bone_right_wing) { transformation: [-0.028230904663458477f,-0.49027327013026994f,0.8711114375426681f,-0.3253955360693306f,-0.24968459762981818f,-0.8403762711642346f,-0.4810668608109819f,1.158812408121862f,0.967915604651727f,-0.23108406145787758f,-0.0986891017884616f,0.21479985872816731f,0f,0f,0f,1f], start_interpolation: 0, interpolation_duration: 1 }
$data merge entity $(bone_body) { transformation: [-0.9996110434469297f,0.0194531526950298f,-0.019983409848274215f,-3.2367414901464536e-17f,0.01995792762364464f,0.9994786644201195f,-0.025378740984211577f,0.1845000000000001f,0.019479295262139498f,-0.02576769720402258f,-0.9994781552574784f,0.2642999999999999f,0f,0f,0f,1f], start_interpolation: 0, interpolation_duration: 1 }