# This file was generated by Animated Java via MC-Build. It is not recommended to edit this file directly.
$data merge entity $(bone_head) { transformation: [-0.999890331755084f,0.010449680252863306f,-0.010494219614667163f,0.010449680252863268f,0.010591620253449839f,0.9998519298799395f,-0.013562296847040946f,1.1073206798799395f,0.010350944068762885f,-0.013671960282763561f,-0.9998529569186221f,0.2968467897172364f,0f,0f,0f,1f], start_interpolation: 0, interpolation_duration: 1 }
$data merge entity $(bone_left_wing) { transformation: [-0.29421797899772f,0.9410832106897359f,-0.16672783628535287f,0.35350748492281303f,0.805583507845564f,0.33805940699572296f,0.4865707032168465f,1.0720106158325982f,0.514267433075179f,0.008844653729704464f,-0.8575842695494527f,0.26247049654872856f,0f,0f,0f,1f], start_interpolation: 0, interpolation_duration: 1 }
$data merge entity $(bone_right_wing) { transformation: [-0.03235633340274686f,-0.47253274340516643f,0.8807189529575921f,-0.3339171181588072f,-0.2148689749820824f,-0.8572880156050925f,-0.46785530016238114f,1.079292354756845f,0.9761067519891866f,-0.20437726074558682f,-0.07379392936584209f,0.26958677059600306f,0f,0f,0f,1f], start_interpolation: 0, interpolation_duration: 1 }
$data merge entity $(bone_body) { transformation: [-0.999890331755084f,0.010449680252863306f,-0.010494219614667163f,-3.802757932627371e-17f,0.010591620253449839f,0.9998519298799395f,-0.013562296847040946f,0.10746875000000011f,0.010350944068762885f,-0.013671960282763561f,-0.9998529569186221f,0.31051874999999995f,0f,0f,0f,1f], start_interpolation: 0, interpolation_duration: 1 }