# This file was generated by Animated Java via MC-Build. It is not recommended to edit this file directly.
$data merge entity $(bone_head) { transformation: [-0.9999985073753856f,0.0012198095781703873f,-0.0012236468419026434f,0.0012198095781703413f,0.001221729260672468f,0.9999980223326469f,-0.0015693018857534326f,0.9999980223326469f,0.0012217301724649495f,-0.0015707945085262926f,-0.9999980199880386f,0.3734292054914737f,0f,0f,0f,1f], start_interpolation: 0, interpolation_duration: 1 }
$data merge entity $(bone_left_wing) { transformation: [-0.30642675191626373f,0.9377625490237056f,-0.16341373063059997f,0.3448929384753319f,0.7965738183483397f,0.34660434486709585f,0.4953136178636695f,0.9682790740174657f,0.5211264699014957f,0.021606243722893596f,-0.8532059379775743f,0.3418083849484541f,0f,0f,0f,1f], start_interpolation: 0, interpolation_duration: 1 }
$data merge entity $(bone_right_wing) { transformation: [-0.033036812671182435f,-0.4523004201254122f,0.8912535548108095f,-0.34260603534524575f,-0.1624676082881993f,-0.8774491854649321f,-0.451317186891924f,0.9691190128841781f,0.9861606589525062f,-0.15970991478710134f,-0.044496043116836886f,0.34264832444202376f,0f,0f,0f,1f], start_interpolation: 0, interpolation_duration: 1 }
$data merge entity $(bone_body) { transformation: [-0.9999985073753856f,0.0012198095781703873f,-0.0012236468419026434f,-4.592425496802574e-17f,0.001221729260672468f,0.9999980223326469f,-0.0015693018857534326f,0f,0.0012217301724649495f,-0.0015707945085262926f,-0.9999980199880386f,0.375f,0f,0f,0f,1f], start_interpolation: 0, interpolation_duration: 1 }