# This file was generated by Animated Java via MC-Build. It is not recommended to edit this file directly.
$data merge entity $(bone_head) { transformation: [-0.9993503790676891f,-0.03603306117081799f,-0.0006620875517334851f,-0.036033061170818025f,-0.03603245335542095f,0.9993502077089343f,-0.0009081064360237036f,0.9993502077089343f,0.0006943791871052138f,-0.0008836598722490547f,-0.999999368491188f,0.2991163401277509f,0f,0f,0f,1f], start_interpolation: 0, interpolation_duration: 1 }
$data merge entity $(bone_left_wing) { transformation: [-0.23053188531285118f,0.9721337748118141f,-0.04255553693980999f,0.3085989745592965f,0.9473201155058515f,0.2342112374294438f,0.21847126817901924f,0.9804782912328303f,0.22235028358894143f,0.010050877170764477f,-0.9749150379679327f,0.2676552813878416f,0f,0f,0f,1f], start_interpolation: 0, interpolation_duration: 1 }
$data merge entity $(bone_right_wing) { transformation: [-0.08285443601685492f,-0.8841112062601508f,0.4598722837892602f,-0.37845441104973976f,-0.8348663533356433f,-0.19040493440958833f,-0.5164727805223863f,0.9557059795509784f,0.5441813250198627f,-0.42672395751551295f,-0.7223388052582563f,0.2681326670789764f,0f,0f,0f,1f], start_interpolation: 0, interpolation_duration: 1 }
$data merge entity $(bone_body) { transformation: [-0.9993503790676891f,-0.03603306117081799f,-0.0006620875517334851f,-3.673940397442059e-17f,-0.03603245335542095f,0.9993502077089343f,-0.0009081064360237036f,0f,0.0006943791871052138f,-0.0008836598722490547f,-0.999999368491188f,0.29999999999999993f,0f,0f,0f,1f], start_interpolation: 0, interpolation_duration: 1 }