# This file was generated by Animated Java via MC-Build. It is not recommended to edit this file directly.
$data merge entity $(bone_head) { transformation: [-0.9973145783538f,-0.07323666187223778f,-0.00015218670622354447f,-0.0732366618722378f,-0.07323662952803307f,0.9973145706025264f,-0.00020822889356914543f,0.9973145706025264f,0.00016702800863910075f,-0.00019652406976820527f,-0.9999999667399666f,0.22480347593023167f,0f,0f,0f,1f], start_interpolation: 0, interpolation_duration: 1 }
$data merge entity $(bone_left_wing) { transformation: [-0.19536418755070006f,0.9806733783484888f,-0.010609393065416825f,0.27187411428581887f,0.9781616033893771f,0.19562351565153643f,0.07022334212251548f,0.9913170745185348f,0.07094160892859486f,0.0033414252490038218f,-0.9974748733677092f,0.19350220246881827f,0f,0f,0f,1f], start_interpolation: 0, interpolation_duration: 1 }
$data merge entity $(bone_right_wing) { transformation: [-0.028659072220945592f,-0.986238417319019f,0.162826416110873f,-0.4137796583324186f,-0.9830714057583456f,-0.0016814884846369485f,-0.18321512977040463f,0.940966891718012f,0.1809675903573477f,-0.1653207694167692f,-0.9694945974267741f,0.19361703422475765f,0f,0f,0f,1f], start_interpolation: 0, interpolation_duration: 1 }
$data merge entity $(bone_body) { transformation: [-0.9973145783538f,-0.07323666187223778f,-0.00015218670622354447f,-2.7554552980815432e-17f,-0.07323662952803307f,0.9973145706025264f,-0.00020822889356914543f,0f,0.00016702800863910075f,-0.00019652406976820527f,-0.9999999667399666f,0.22499999999999987f,0f,0f,0f,1f], start_interpolation: 0, interpolation_duration: 1 }