# This file was generated by Animated Java via MC-Build. It is not recommended to edit this file directly.
$data merge entity $(bone_head) { transformation: [-0.9998951739304899f,-0.01447895365564228f,-0.00003242766177859212f,-0.014478953655642298f,-0.014478952378024261f,0.999895173702763f,-0.000039293207620568204f,0.999895173702763f,0.00003299318703899956f,-0.000038819570097431986f,-0.9999999987022453f,0.1499611804299027f,0f,0f,0f,1f], start_interpolation: 0, interpolation_duration: 1 }
$data merge entity $(bone_left_wing) { transformation: [-0.10874421989651263f,0.9940693860578805f,-0.0008662226083801532f,0.3296864663202718f,0.9939708441998132f,0.10874565028925426f,0.014012295453547072f,0.9736243614917593f,0.014023391879612724f,0.0006627561207388432f,-0.9999014477609857f,0.11870105217397842f,0f,0f,0f,1f], start_interpolation: 0, interpolation_duration: 1 }
$data merge entity $(bone_right_wing) { transformation: [-0.07566835584445913f,-0.9966652106989249f,0.030541082270683157f,-0.35774146575693994f,-0.9964852523358028f,0.07447985510645856f,-0.038339184401506354f,0.9636700817318676f,0.03593663591723733f,-0.03333480112118974f,-0.998797952157073f,0.11872373499006773f,0f,0f,0f,1f], start_interpolation: 0, interpolation_duration: 1 }
$data merge entity $(bone_body) { transformation: [-0.9998951739304899f,-0.01447895365564228f,-0.00003242766177859212f,-1.8369701987210313e-17f,-0.014478952378024261f,0.999895173702763f,-0.000039293207620568204f,0f,0.00003299318703899956f,-0.000038819570097431986f,-0.9999999987022453f,0.15000000000000013f,0f,0f,0f,1f], start_interpolation: 0, interpolation_duration: 1 }