# This file was generated by Animated Java via MC-Build. It is not recommended to edit this file directly.
$data merge entity $(bone_head) { transformation: [-0.9937736104384307f,-0.0043016591179779505f,-0.11133511092642272f,-0.004301659117977958f,-0.02887788560987911f,0.9750520401731169f,0.22008995133114378f,0.9750520401731169f,0.1076107751057898f,0.22193470815326571f,-0.9691052091481378f,0.2844347081532657f,0f,0f,0f,1f], start_interpolation: 0, interpolation_duration: 1 }
$data merge entity $(bone_left_wing) { transformation: [-0.1041487568268556f,0.9869569303758663f,-0.12275607534646885f,0.3339632241012187f,0.9163212038251911f,0.14320759932517418f,0.37396127462061224f,0.9613862480752011f,0.3866632745319538f,-0.07353639288520908f,-0.9192844560035044f,0.2102235067949816f,0f,0f,0f,1f], start_interpolation: 0, interpolation_duration: 1 }
$data merge entity $(bone_right_wing) { transformation: [-0.04623872809548274f,-0.9595698880377631f,-0.2776465558859078f,-0.3492561330752024f,-0.5655625947708806f,0.25425363928082195f,-0.7845342811556969f,0.9415327017184092f,0.8234081195981373f,0.12075063926808927f,-0.5544532006366336f,0.2842059146802121f,0f,0f,0f,1f], start_interpolation: 0, interpolation_duration: 1 }
$data merge entity $(bone_body) { transformation: [-0.9937736104384307f,-0.0043016591179779505f,-0.11133511092642272f,-7.654042494670958e-18f,-0.02887788560987911f,0.9750520401731169f,0.22008995133114378f,0f,0.1076107751057898f,0.22193470815326571f,-0.9691052091481378f,0.0625f,0f,0f,0f,1f], start_interpolation: 0, interpolation_duration: 1 }