# This file was generated by Animated Java via MC-Build. It is not recommended to edit this file directly.
$data merge entity $(bone_head) { transformation: [-0.9905754981055251f,0.0017852029231465152f,-0.1369561813264155f,0.0017852029231465076f,-0.03543112463190408f,0.9625406340225166f,0.2688125057783778f,0.9625406340225166f,0.13230577447832462f,0.2711315933380968f,-0.953405916246399f,0.3336315933380968f,0f,0f,0f,1f], start_interpolation: 0, interpolation_duration: 1 }
$data merge entity $(bone_left_wing) { transformation: [-0.09565972193498418f,0.9838411317907254f,-0.15134677068264824f,0.337959862139122f,0.8723871013633698f,0.15608229994496192f,0.46322679220734697f,0.9530410791071042f,0.4793641235784538f,-0.08772082444115263f,-0.8732211025766757f,0.24988468618665718f,0f,0f,0f,1f], start_interpolation: 0, interpolation_duration: 1 }
$data merge entity $(bone_right_wing) { transformation: [0.07350420806954591f,-0.9429639772775504f,-0.32467840851059426f,-0.3430607928084265f,-0.39020604665507164f,0.27241213862563246f,-0.8795060362972101f,0.9286821809226702f,0.9177888496543686f,0.19133887290959095f,-0.34792680719340713f,0.34084490614050533f,0f,0f,0f,1f], start_interpolation: 0, interpolation_duration: 1 }
$data merge entity $(bone_body) { transformation: [-0.9905754981055251f,0.0017852029231465152f,-0.1369561813264155f,-7.654042494670958e-18f,-0.03543112463190408f,0.9625406340225166f,0.2688125057783778f,0f,0.13230577447832462f,0.2711315933380968f,-0.953405916246399f,0.0625f,0f,0f,0f,1f], start_interpolation: 0, interpolation_duration: 1 }