# This file was generated by Animated Java via MC-Build. It is not recommended to edit this file directly.
$data merge entity $(bone_head) { transformation: [-0.991444859907748f,2.832679351452772e-8f,-0.1305262033558978f,2.832679350687368e-8f,-0.03378264194136668f,0.9659258226854437f,0.25660482881838026f,0.9659258226854437f,0.12607863762734509f,0.258819058551429f,-0.957662190996692f,0.321319058551429f,0f,0f,0f,1f], start_interpolation: 0, interpolation_duration: 1 }
$data merge entity $(bone_left_wing) { transformation: [-0.09913904668794302f,0.984284541126627f,-0.14613484020229703f,0.3367302541799978f,0.8750483513292634f,0.1561578176564663f,0.4581540339456889f,0.9553723247944428f,0.47377403079711256f,-0.0824540968291743f,-0.8767779021270676f,0.23996448781865035f,0f,0f,0f,1f], start_interpolation: 0, interpolation_duration: 1 }
$data merge entity $(bone_right_wing) { transformation: [0.03982819361584761f,-0.9479343964747684f,-0.3159653382466423f,-0.3448880870065789f,-0.4355126552386649f,0.2681307344489571f,-0.8593221959025791f,0.9321467584597531f,0.8993010853547695f,0.17183215421998138f,-0.40215826319479525f,0.3266435511874501f,0f,0f,0f,1f], start_interpolation: 0, interpolation_duration: 1 }
$data merge entity $(bone_body) { transformation: [-0.991444859907748f,2.832679351452772e-8f,-0.1305262033558978f,-7.654042494670958e-18f,-0.03378264194136668f,0.9659258226854437f,0.25660482881838026f,0f,0.12607863762734509f,0.258819058551429f,-0.957662190996692f,0.0625f,0f,0f,0f,1f], start_interpolation: 0, interpolation_duration: 1 }
execute on vehicle unless entity @s[tag=aj.transforms_only] positioned ^-0.0081578877 ^0.0160378018 ^0.0026461131 rotated ~352.2385987615 ~14.8686996274 run function animated_java:tux/animations/animation_model_attack_combo/zzz/frames/zzz/0