# This file was generated by Animated Java via MC-Build. It is not recommended to edit this file directly.
$data merge entity $(bone_head) { transformation: [-0.9890331802100344f,0.0005523222502762581f,-0.14769246217650164f,0.0005523222502762504f,-0.03819584743371292f,0.9650170253587602f,0.2593900884894224f,0.9650170253587602f,0.14266900743485264f,0.2621866428860588f,-0.9544127611309963f,0.3246866428860588f,0f,0f,0f,1f], start_interpolation: 0, interpolation_duration: 1 }
$data merge entity $(bone_left_wing) { transformation: [-0.05862598497287688f,0.9858335446769031f,-0.15714711602741094f,0.3358998284341388f,0.8364883771196633f,0.13442723161999168f,0.5312405428265967f,0.9560960061369321f,0.5448395991754567f,-0.10030723597406932f,-0.8325192307578066f,0.23762544020479526f,0f,0f,0f,1f], start_interpolation: 0, interpolation_duration: 1 }
$data merge entity $(bone_right_wing) { transformation: [-0.3039635638227371f,-0.9418831336199514f,-0.14304654651700457f,-0.3440604829602598f,-0.9526836508999789f,0.3004994513812397f,0.04575960038572202f,0.9298363610262546f,-0.00011478705415976509f,0.15018735739680195f,-0.9886575466267868f,0.3357103828162564f,0f,0f,0f,1f], start_interpolation: 0, interpolation_duration: 1 }
$data merge entity $(bone_body) { transformation: [-0.9890331802100344f,0.0005523222502762581f,-0.14769246217650164f,-7.654042494670958e-18f,-0.03819584743371292f,0.9650170253587602f,0.2593900884894224f,0f,0.14266900743485264f,0.2621866428860588f,-0.9544127611309963f,0.0625f,0f,0f,0f,1f], start_interpolation: 0, interpolation_duration: 1 }