# This file was generated by Animated Java via MC-Build. It is not recommended to edit this file directly.
$data merge entity $(bone_head) { transformation: [-0.9968374775650785f,-0.0008553423352644354f,-0.07946264349479659f,-0.0008553423352644431f,-0.02055723895271233f,0.9686804948417528f,0.247458074913263f,0.9686804948417528f,0.07676225145429699f,0.24830901574978403f,-0.9656346045213172f,0.31080901574978403f,0f,0f,0f,1f], start_interpolation: 0, interpolation_duration: 1 }
$data merge entity $(bone_left_wing) { transformation: [-0.2010851166787915f,0.976038798889565f,-0.0831446866161163f,0.33935106241649593f,0.9502504874738817f,0.21497400523924587f,0.22541115351074992f,0.9532088451089823f,0.23788397782517218f,-0.0336814508834175f,-0.9707094173646719f,0.2464862536788975f,0f,0f,0f,1f], start_interpolation: 0, interpolation_duration: 1 }
$data merge entity $(bone_right_wing) { transformation: [-0.31129916425195814f,-0.9475607530965677f,0.0722595981659031f,-0.34597470340949554f,-0.7902743612367362f,0.30035535092626575f,0.5340909071888682f,0.9390757433289926f,-0.5277871392028237f,0.1091571452586825f,-0.8423333386083409f,0.29926030155372674f,0f,0f,0f,1f], start_interpolation: 0, interpolation_duration: 1 }
$data merge entity $(bone_body) { transformation: [-0.9968374775650785f,-0.0008553423352644354f,-0.07946264349479659f,-7.654042494670958e-18f,-0.02055723895271233f,0.9686804948417528f,0.247458074913263f,0f,0.07676225145429699f,0.24830901574978403f,-0.9656346045213172f,0.0625f,0f,0f,0f,1f], start_interpolation: 0, interpolation_duration: 1 }