# This file was generated by Animated Java via MC-Build. It is not recommended to edit this file directly.
$data merge entity $(bone_head) { transformation: [-0.9861110076870157f,0.012344607468470183f,0.16562817147136516f,0.012344607468470176f,0.04329288715304344f,0.9818644006231788f,0.18457525487139312f,0.9818644006231788f,-0.16034589623826484f,0.18918221231219193f,-0.9687617272086115f,0.2516822123121919f,0f,0f,0f,1f], start_interpolation: 0, interpolation_duration: 1 }
$data merge entity $(bone_left_wing) { transformation: [-0.037766522215657655f,0.9015011151429819f,0.43112576957970666f,0.3561103777359723f,0.5090764543423845f,0.3886083301466686f,-0.7680004748532413f,0.9420671848595769f,-0.8598923499101038f,0.19047127115808823f,-0.4736093764163686f,0.2706153660340704f,0f,0f,0f,1f], start_interpolation: 0, interpolation_duration: 1 }
$data merge entity $(bone_right_wing) { transformation: [-0.1665662360134887f,-0.9290291308714292f,0.330394556572253f,-0.321840940048851f,-0.6944260143322342f,0.3484080601377654f,0.6295906084509896f,0.9718310447772943f,-0.700020142309453f,-0.12456603719841189f,-0.7031750157234948f,0.1603775623702633f,0f,0f,0f,1f], start_interpolation: 0, interpolation_duration: 1 }
$data merge entity $(bone_body) { transformation: [-0.9861110076870157f,0.012344607468470183f,0.16562817147136516f,-7.654042494670958e-18f,0.04329288715304344f,0.9818644006231788f,0.18457525487139312f,0f,-0.16034589623826484f,0.18918221231219193f,-0.9687617272086115f,0.0625f,0f,0f,0f,1f], start_interpolation: 0, interpolation_duration: 1 }