# This file was generated by Animated Java via MC-Build. It is not recommended to edit this file directly.
$data merge entity $(bone_head) { transformation: [-0.9724014967611307f,0.021364155683993646f,0.2323336005588146f,0.02136415568399364f,0.060224856449640804f,0.985035895777957f,0.16148452153236822f,0.985035895777957f,-0.22540695588719725f,0.17102004818391267f,-0.9591370326271629f,0.23352004818391267f,0f,0f,0f,1f], start_interpolation: 0, interpolation_duration: 1 }
$data merge entity $(bone_left_wing) { transformation: [0.18738256196982114f,0.863829975333017f,0.4676382674522963f,0.36221996534797046f,0.22827413670514607f,0.42474272604525276f,-0.8760619471151383f,0.9385976209282183f,-0.9553945226874321f,0.270908453887668f,-0.11760066169476682f,0.2756862804947906f,0f,0f,0f,1f], start_interpolation: 0, interpolation_duration: 1 }
$data merge entity $(bone_right_wing) { transformation: [-0.11604163847450788f,-0.9130345608910577f,0.39102714580783926f,-0.30630606367530694f,-0.6759150699843642f,0.3610593921284526f,0.6424756287392264f,0.9800022097373464f,-0.727786477140228f,-0.1897472159856523f,-0.6590317425720178f,0.12071899832234251f,0f,0f,0f,1f], start_interpolation: 0, interpolation_duration: 1 }
$data merge entity $(bone_body) { transformation: [-0.9724014967611307f,0.021364155683993646f,0.2323336005588146f,-7.654042494670958e-18f,0.060224856449640804f,0.985035895777957f,0.16148452153236822f,0f,-0.22540695588719725f,0.17102004818391267f,-0.9591370326271629f,0.0625f,0f,0f,0f,1f], start_interpolation: 0, interpolation_duration: 1 }