# This file was generated by Animated Java via MC-Build. It is not recommended to edit this file directly.
$data merge entity $(bone_head) { transformation: [-0.999998595816253f,-0.00043051096250861485f,-0.001619575818946456f,-0.0004305109625086225f,-0.0004359798700482452f,0.9999941997829322f,0.0033779168204513556f,0.9999941997829322f,0.0016181121948335019f,0.0033786181796905354f,-0.9999929833014434f,0.06587861817969054f,0f,0f,0f,1f], start_interpolation: 0, interpolation_duration: 1 }
$data merge entity $(bone_left_wing) { transformation: [-0.08759862614589654f,0.9961545301090843f,-0.0016226030018441878f,0.34328184807256473f,0.9961494310413489f,0.08760379353718022f,0.0034476649913496252f,0.9689998090206838f,0.0035765532777977927f,-0.001314344340439541f,-0.9999927403564517f,0.033967029566431085f,0f,0f,0f,1f], start_interpolation: 0, interpolation_duration: 1 }
$data merge entity $(bone_right_wing) { transformation: [-0.2008377413933933f,-0.9749736861971554f,-0.09534418102397f,-0.3442171865511093f,-0.7630428683629931f,0.21672953453597701f,-0.6089284768346731f,0.9687000728600256f,0.6143531416639593f,-0.04954412258734439f,-0.787474188303765f,0.03507948170037912f,0f,0f,0f,1f], start_interpolation: 0, interpolation_duration: 1 }
$data merge entity $(bone_body) { transformation: [-0.999998595816253f,-0.00043051096250861485f,-0.001619575818946456f,-7.654042494670958e-18f,-0.0004359798700482452f,0.9999941997829322f,0.0033779168204513556f,0f,0.0016181121948335019f,0.0033786181796905354f,-0.9999929833014434f,0.0625f,0f,0f,0f,1f], start_interpolation: 0, interpolation_duration: 1 }