# This file was generated by Animated Java via MC-Build. It is not recommended to edit this file directly.
$data merge entity $(bone_head) { transformation: [-0.9766079755708046f,0.019658083528211107f,0.21412711599303028f,0.0196580835282111f,0.056225246711190675f,0.9845126778800745f,0.1660527287510518f,0.9850126778800745f,-0.20754658196116002f,0.1742077691878365f,-0.9625882138644941f,0.23690776918783651f,0f,0f,0f,1f], start_interpolation: 0, interpolation_duration: 1 }
$data merge entity $(bone_left_wing) { transformation: [0.07182527803963798f,0.8735996163216441f,0.48131573815657125f,0.3614442323952008f,0.3762674321362779f,0.4231759896412801f,-0.8242238174820564f,0.9401083759128207f,-0.9237228745398158f,0.24030354170049073f,-0.2983123512328987f,0.27272703226659994f,0f,0f,0f,1f], start_interpolation: 0, interpolation_duration: 1 }
$data merge entity $(bone_right_wing) { transformation: [-0.09831243991744612f,-0.9363347957813184f,0.3370635168134266f,-0.3099737508097274f,-0.6066517154665562f,0.3248821131682009f,0.7255517270772971f,0.9787632330267643f,-0.7888652358159554f,-0.13314940012076967f,-0.5999690633428663f,0.13003875716830243f,0f,0f,0f,1f], start_interpolation: 0, interpolation_duration: 1 }
$data merge entity $(bone_body) { transformation: [-0.9766079755708046f,0.019658083528211107f,0.21412711599303028f,-7.678535430653905e-18f,0.056225246711190675f,0.9845126778800745f,0.1660527287510518f,0.0005000000000000017f,-0.20754658196116002f,0.1742077691878365f,-0.9625882138644941f,0.0627f,0f,0f,0f,1f], start_interpolation: 0, interpolation_duration: 1 }