# This file was generated by Animated Java via MC-Build. It is not recommended to edit this file directly.
$data merge entity $(bone_head) { transformation: [-0.9850869918463889f,0.04201398399705723f,0.166848565003501f,0.042013983997057226f,0.06261579826620031f,0.9907726764425266f,0.12020301752617947f,0.9987726764425267f,-0.16025879165437065f,0.12885778503298712f,-0.9786280145866832f,0.1945577850329871f,0f,0f,0f,1f], start_interpolation: 0, interpolation_duration: 1 }
$data merge entity $(bone_left_wing) { transformation: [-0.15919341349541163f,0.87843752635497f,0.45056072775047773f,0.38453871810070483f,0.5998969444582875f,0.4485329959309408f,-0.662526835374104f,0.9500431939473845f,-0.7840797874765612f,0.16482009541489773f,-0.598375486645413f,0.21503781342606232f,0f,0f,0f,1f], start_interpolation: 0, interpolation_duration: 1 }
$data merge entity $(bone_right_wing) { transformation: [-0.22939124954067303f,-0.8679637693729574f,0.44047536785847186f,-0.29270858879368755f,-0.8502832877125105f,0.3989428206921844f,0.34331174820411786f,0.9930915552553973f,-0.4737066447401521f,-0.2957761330365435f,-0.8295290795716423f,0.1048598941636825f,0f,0f,0f,1f], start_interpolation: 0, interpolation_duration: 1 }
$data merge entity $(bone_body) { transformation: [-0.9850869918463889f,0.04201398399705723f,0.166848565003501f,-8.04592947039811e-18f,0.06261579826620031f,0.9907726764425266f,0.12020301752617947f,0.007999999999999993f,-0.16025879165437065f,0.12885778503298712f,-0.9786280145866832f,0.0657f,0f,0f,0f,1f], start_interpolation: 0, interpolation_duration: 1 }