# This file was generated by Animated Java via MC-Build. It is not recommended to edit this file directly.
$data merge entity $(bone_head) { transformation: [-0.9951485791337858f,0.08530514221176858f,-0.04901365279426771f,0.08530514221176856f,0.08856797487578928f,0.9936925490282078f,-0.06878104268055564f,1.0341925490282078f,0.042837124954980904f,-0.07278839686414859f,-0.9964270319534384f,0.005911603135851415f,0f,0f,0f,1f], start_interpolation: 0, interpolation_duration: 1 }
$data merge entity $(bone_left_wing) { transformation: [-0.3711108802668939f,0.9137040057981889f,-0.16559500093865867f,0.42319000394506884f,0.8473912941377493f,0.4061592147578377f,0.34199808023854017f,0.9705450079237564f,0.3797429514383136f,-0.013404553541239365f,-0.9249949236494645f,-0.03767736591396356f,0f,0f,0f,1f], start_interpolation: 0, interpolation_duration: 1 }
$data merge entity $(bone_right_wing) { transformation: [-0.09300582463726763f,-0.6936542800293394f,0.7142784165719416f,-0.2609746442094089f,-0.490250697329325f,-0.59249437124478f,-0.6392219284500202f,1.0314354906508616f,0.8666049678784746f,-0.4096268543933992f,-0.28495906689929473f,-0.008226842507414206f,0f,0f,0f,1f], start_interpolation: 0, interpolation_duration: 1 }
$data merge entity $(bone_body) { transformation: [-0.9951485791337858f,0.08530514221176858f,-0.04901365279426771f,-9.63797030928967e-18f,0.08856797487578928f,0.9936925490282078f,-0.06878104268055564f,0.04050000000000002f,0.042837124954980904f,-0.07278839686414859f,-0.9964270319534384f,0.0787f,0f,0f,0f,1f], start_interpolation: 0, interpolation_duration: 1 }