# This file was generated by Animated Java via MC-Build. It is not recommended to edit this file directly.
$data merge entity $(bone_head) { transformation: [-0.9914001240872399f,0.08298274991506312f,-0.10119119119933011f,0.0829827499150631f,0.09420298092861312f,0.9892696733294307f,-0.1116750277136516f,1.1172696733294307f,0.09083827576505756f,-0.1202471481874543f,-0.9885792993021935f,-0.006547148187454346f,0f,0f,0f,1f], start_interpolation: 0, interpolation_duration: 1 }
$data merge entity $(bone_left_wing) { transformation: [-0.22115022451481872f,0.9347101984185637f,-0.278225489790879f,0.41802110691022704f,0.7134937807952171f,0.3495602628937368f,0.6072349194275711f,1.0504828767276235f,0.6648452473798638f,-0.06422201785985002f,-0.7442152440379173f,-0.06490818520402848f,0f,0f,0f,1f], start_interpolation: 0, interpolation_duration: 1 }
$data merge entity $(bone_right_wing) { transformation: [0.05051865686641968f,-0.5131636077628126f,0.8568027643374332f,-0.2635664783997504f,-0.12013269792033593f,-0.854791540010522f,-0.5048757847399912f,1.115247426116045f,0.9914716335825219f,-0.07742438113601371f,-0.10483064917718946f,-0.0024568706155514014f,0f,0f,0f,1f], start_interpolation: 0, interpolation_duration: 1 }
$data merge entity $(bone_body) { transformation: [-0.9914001240872399f,0.08298274991506312f,-0.10119119119933011f,-1.3924234106305402e-17f,0.09420298092861312f,0.9892696733294307f,-0.1116750277136516f,0.1279999999999999f,0.09083827576505756f,-0.1202471481874543f,-0.9885792993021935f,0.11369999999999995f,0f,0f,0f,1f], start_interpolation: 0, interpolation_duration: 1 }