# This file was generated by Animated Java via MC-Build. It is not recommended to edit this file directly.
$data merge entity $(bone_head) { transformation: [-0.9912404201061086f,0.08282789670298858f,-0.10286869823043582f,0.08282789670298855f,0.09438042130962448f,0.9890970721899246f,-0.11304564502331323f,1.3015970721899246f,0.09238379523099924f,-0.12176420374263616f,-0.9882503291502809f,0.06573579625736384f,0f,0f,0f,1f], start_interpolation: 0, interpolation_duration: 1 }
$data merge entity $(bone_left_wing) { transformation: [-0.1813546186358037f,0.9404534659691554f,-0.28750266198083274f,0.4177637725227939f,0.6575274425089481f,0.33335329626406957f,0.6756724370710417f,1.2347118424518275f,0.7312784453592925f,-0.06650457289902888f,-0.6788291221923334f,0.006901175227718936f,0f,0f,0f,1f], start_interpolation: 0, interpolation_duration: 1 }
$data merge entity $(bone_right_wing) { transformation: [0.02926321199846614f,-0.5716949334614514f,0.8199442465668256f,-0.26371401630015573f,-0.2062650574020087f,-0.8060944490279652f,-0.5546769017556498f,1.2995983821021944f,0.9780584801117358f,-0.15289421931782513f,-0.141509601019556f,0.07041503444903094f,0f,0f,0f,1f], start_interpolation: 0, interpolation_duration: 1 }
$data merge entity $(bone_body) { transformation: [-0.9912404201061086f,0.08282789670298858f,-0.10286869823043582f,-2.296212748401287e-17f,0.09438042130962448f,0.9890970721899246f,-0.11304564502331323f,0.3125f,0.09238379523099924f,-0.12176420374263616f,-0.9882503291502809f,0.1875f,0f,0f,0f,1f], start_interpolation: 0, interpolation_duration: 1 }
execute on vehicle unless entity @s[tag=aj.transforms_only] positioned ^-0.0064292936 ^0.3054346472 ^0.1257343544 rotated ~354.057383769 ~-6.4909136491 run function animated_java:tux/animations/attack_combo/zzz/frames/zzz/2