# This file was generated by Animated Java via MC-Build. It is not recommended to edit this file directly.
$data merge entity $(bone_head) { transformation: [-0.9912542068657126f,0.08277255312995216f,-0.10278035716700025f,0.08277255312995213f,0.09430675125607328f,0.9891133780395489f,-0.11296442825384291f,1.301610253039549f,0.09231107213412708f,-0.12166934631016041f,-0.9882688076277153f,0.0658325286898396f,0f,0f,0f,1f], start_interpolation: 0, interpolation_duration: 1 }
$data merge entity $(bone_left_wing) { transformation: [-0.191628113095414f,0.9456079572935517f,-0.26287688634531453f,0.41771765829326113f,0.7242178070760683f,0.31700511102146467f,0.6123857668987741f,1.2347523758486054f,0.6624101706536683f,-0.07302979316268855f,-0.7455732124514619f,0.007019364477559825f,0f,0f,0f,1f], start_interpolation: 0, interpolation_duration: 1 }
$data merge entity $(bone_right_wing) { transformation: [0.030696735560032107f,-0.5681810148575694f,0.8223308608956499f,-0.26376960892691637f,-0.19046289600479213f,-0.8109689275977253f,-0.5532208272620113f,1.2995882673371555f,0.9812143474651325f,-0.13964144379953514f,-0.13311150026258411f,0.07048322656977218f,0f,0f,0f,1f], start_interpolation: 0, interpolation_duration: 1 }
$data merge entity $(bone_body) { transformation: [-0.9912542068657126f,0.08277255312995216f,-0.10278035716700025f,-2.2962357105287713e-17f,0.09430675125607328f,0.9891133780395489f,-0.11296442825384291f,0.312496875f,0.09231107213412708f,-0.12166934631016041f,-0.9882688076277153f,0.187501875f,0f,0f,0f,1f], start_interpolation: 0, interpolation_duration: 1 }