# This file was generated by Animated Java via MC-Build. It is not recommended to edit this file directly.
$data merge entity $(bone_head) { transformation: [-0.9914597166045697f,0.08194040729233643f,-0.101456394589757f,0.0819404072923364f,0.09320145662752095f,0.9893566805019622f,-0.11174456241198694f,1.3017566805019622f,0.09122016681027711f,-0.12024611594103209f,-0.9885442593876114f,0.06731388405896792f,0f,0f,0f,1f], start_interpolation: 0, interpolation_duration: 1 }
$data merge entity $(bone_left_wing) { transformation: [-0.19629221433259564f,0.9497040572008045f,-0.24399092263594085f,0.41702353481634186f,0.7729034427824614f,0.3029821089305661f,0.5575142238571184f,1.2353092659451912f,0.6033984046444146f,-0.07914572259015576f,-0.7935025645001138f,0.008822634735229568f,0f,0f,0f,1f], start_interpolation: 0, interpolation_duration: 1 }
$data merge entity $(bone_right_wing) { transformation: [0.03138110232015055f,-0.5637636841866669f,0.8253397693128862f,-0.26460502034929984f,-0.17584555240926897f,-0.8159807418847723f,-0.5506848196301183f,1.2993852673766115f,0.9839174600112812f,-0.1278512309891967f,-0.12474171162644734f,0.07153649941729508f,0f,0f,0f,1f], start_interpolation: 0, interpolation_duration: 1 }
$data merge entity $(bone_body) { transformation: [-0.9914597166045697f,0.08194040729233643f,-0.101456394589757f,-2.2969475364807757e-17f,0.09320145662752095f,0.9893566805019622f,-0.11174456241198694f,0.3124f,0.09122016681027711f,-0.12024611594103209f,-0.9885442593876114f,0.18756f,0f,0f,0f,1f], start_interpolation: 0, interpolation_duration: 1 }