# This file was generated by Animated Java via MC-Build. It is not recommended to edit this file directly.
$data merge entity $(bone_head) { transformation: [-0.9923222521448913f,0.07829137364101278f,-0.0957444970298246f,0.07829137364101275f,0.088406675560186f,0.9903828940216153f,-0.10642360145083425f,1.3021235190216154f,0.08649166210963213f,-0.11407096055865107f,-0.9897004639499467f,0.07388466444134892f,0f,0f,0f,1f], start_interpolation: 0, interpolation_duration: 1 }
$data merge entity $(bone_left_wing) { transformation: [-0.2022052960639439f,0.9523235708966906f,-0.2284575114945202f,0.4139635268573555f,0.8048855966246382f,0.29449416391389915f,0.5152012847100185f,1.2374585213142872f,0.5579177310230359f,-0.07970573213533348f,-0.8260598051442024f,0.016789733610184876f,0f,0f,0f,1f], start_interpolation: 0, interpolation_duration: 1 }
$data merge entity $(bone_right_wing) { transformation: [0.028774451479487956f,-0.5561462782231071f,0.8305861473445367f,-0.2682580214922573f,-0.16553479062086818f,-0.8221083070970024f,-0.5447349488477908f,1.2982381107619152f,0.9857840859113924f,-0.12181645463846938f,-0.11571727331368406f,0.07625275131055698f,0f,0f,0f,1f], start_interpolation: 0, interpolation_duration: 1 }
$data merge entity $(bone_body) { transformation: [-0.9923222521448913f,0.07829137364101278f,-0.0957444970298246f,-2.301792545379902e-17f,0.088406675560186f,0.9903828940216153f,-0.10642360145083425f,0.311740625f,0.08649166210963213f,-0.11407096055865107f,-0.9897004639499467f,0.187955625f,0f,0f,0f,1f], start_interpolation: 0, interpolation_duration: 1 }