# This file was generated by Animated Java via MC-Build. It is not recommended to edit this file directly.
$data merge entity $(bone_head) { transformation: [-0.994417753688653f,0.0681217639141896f,-0.08057764224667327f,0.06812176391418957f,0.0754587331621906f,0.9929125167975713f,-0.09181891731157622f,1.3022125167975713f,0.07375168295280296f,-0.09738664830423197f,-0.9925102165689264f,0.09203335169576804f,0f,0f,0f,1f], start_interpolation: 0, interpolation_duration: 1 }
$data merge entity $(bone_left_wing) { transformation: [-0.21721308211523338f,0.9526824472380435f,-0.2126373242931104f,0.4053060103021371f,0.8197852286529196f,0.2962937534409625f,0.4900634556405389f,1.2423757199571575f,0.5298779631580097f,-0.0678687438840492f,-0.8453538772390651f,0.038708599172470326f,0f,0f,0f,1f], start_interpolation: 0, interpolation_duration: 1 }
$data merge entity $(bone_right_wing) { transformation: [0.018732748066846716f,-0.5413216855112929f,0.8406068741957073f,-0.27835619535881184f,-0.16492183014985484f,-0.8309105501748634f,-0.5314023405557503f,1.2942535990061634f,0.9861287309930115f,-0.12867979796114137f,-0.10484100107683661f,0.08941288120252236f,0f,0f,0f,1f], start_interpolation: 0, interpolation_duration: 1 }
$data merge entity $(bone_body) { transformation: [-0.994417753688653f,0.0681217639141896f,-0.08057764224667327f,-2.3197259669449165e-17f,0.0754587331621906f,0.9929125167975713f,-0.09181891731157622f,0.3093f,0.07375168295280296f,-0.09738664830423197f,-0.9925102165689264f,0.18942f,0f,0f,0f,1f], start_interpolation: 0, interpolation_duration: 1 }