# This file was generated by Animated Java via MC-Build. It is not recommended to edit this file directly.
$data merge entity $(bone_head) { transformation: [-0.9996405558271091f,-0.005566759849882058f,-0.02622537569687447f,-0.005566759849882066f,-0.0069732930114741f,0.9985246810697486f,0.053850111226746385f,0.9985246810697486f,0.025886914266567182f,0.0540136323471267f,-0.998204585839208f,0.1165136323471267f,0f,0f,0f,1f], start_interpolation: 0, interpolation_duration: 1 }
$data merge entity $(bone_left_wing) { transformation: [-0.09306672981914978f,0.9953115455526615f,-0.026334598731362048f,0.33741409947046813f,0.9939514588033819f,0.09442330179856906f,0.056077960199045776f,0.971400670234849f,0.058301641000908504f,-0.020956320455385372f,-0.9980790305830357f,0.07473318624967128f,0f,0f,0f,1f], start_interpolation: 0, interpolation_duration: 1 }
$data merge entity $(bone_right_wing) { transformation: [-0.1463218532116957f,-0.9646123644733126f,-0.21934653308839924f,-0.3498387826606693f,-0.4984298304487778f,0.26342015381235145f,-0.8259403893043853f,0.9666065312894605f,0.8544926093252636f,-0.011524273108628975f,-0.519335702352361f,0.09253043980793621f,0f,0f,0f,1f], start_interpolation: 0, interpolation_duration: 1 }
$data merge entity $(bone_body) { transformation: [-0.9996405558271091f,-0.005566759849882058f,-0.02622537569687447f,-7.654042494670958e-18f,-0.0069732930114741f,0.9985246810697486f,0.053850111226746385f,0f,0.025886914266567182f,0.0540136323471267f,-0.998204585839208f,0.0625f,0f,0f,0f,1f], start_interpolation: 0, interpolation_duration: 1 }