# This file was generated by Animated Java via MC-Build. It is not recommended to edit this file directly.
$data merge entity $(bone_head) { transformation: [-0.9977477506323712f,0.04506047854337244f,-0.04968882551928493f,0.04506047854337242f,0.048003717940180976f,0.9970600415085695f,-0.059723669435569046f,1.2997944165085695f,0.046851565309637376f,-0.061974405203856935f,-0.9969774841628395f,0.13138496979614306f,0f,0f,0f,1f], start_interpolation: 0, interpolation_duration: 1 }
$data merge entity $(bone_left_wing) { transformation: [-0.25067639772763395f,0.9486503511620445f,-0.19293484615907727f,0.385075352071292f,0.8143359204740026f,0.31440444310300475f,0.4878594621229029f,1.2502686474996278f,0.5234676229224267f,-0.034818922976151884f,-0.8513338301481534f,0.08606089800348701f,0f,0f,0f,1f], start_interpolation: 0, interpolation_duration: 1 }
$data merge entity $(bone_right_wing) { transformation: [-0.0036866275146155286f,-0.512662097672266f,0.8585825425594447f,-0.3008762264884632f,-0.18227537563774715f,-0.8438601921610415f,-0.5046540037709479f,1.2832712035835026f,0.9832406095222503f,-0.15835892679669766f,-0.0903346782255381f,0.11827134915386271f,0f,0f,0f,1f], start_interpolation: 0, interpolation_duration: 1 }
$data merge entity $(bone_body) { transformation: [-0.9977477506323712f,0.04506047854337244f,-0.04968882551928493f,-2.3679693967888275e-17f,0.048003717940180976f,0.9970600415085695f,-0.059723669435569046f,0.302734375f,0.046851565309637376f,-0.061974405203856935f,-0.9969774841628395f,0.193359375f,0f,0f,0f,1f], start_interpolation: 0, interpolation_duration: 1 }