# This file was generated by Animated Java via MC-Build. It is not recommended to edit this file directly.
$data merge entity $(bone_head) { transformation: [-0.9995933351835686f,0.0198795454309312f,-0.020444263988936878f,0.019879545430931175f,0.020407365902566598f,0.9994551429089409f,-0.025941409556678327f,1.287655142908941f,0.019917421356906644f,-0.02634807367395389f,-0.9994543888243042f,0.17573192632604612f,0f,0f,0f,1f], start_interpolation: 0, interpolation_duration: 1 }
$data merge entity $(bone_left_wing) { transformation: [-0.2844156494078022f,0.9423230927553601f,-0.1764509201787032f,0.36222963535591207f,0.8015861659082744f,0.3347041972344924f,0.49541166617075766f,1.248596468615383f,0.5258967170428148f,-0.000537785818876306f,-0.8505482665845617f,0.138475740386161f,0f,0f,0f,1f], start_interpolation: 0, interpolation_duration: 1 }
$data merge entity $(bone_right_wing) { transformation: [-0.024696968253856408f,-0.4824587672599895f,0.8755704412855878f,-0.3249907825827914f,-0.2009485509800996f,-0.8555652386154523f,-0.4771035551448783f,1.2626265326733974f,0.9792904265936975f,-0.1877276228125603f,-0.07581952265135136f,0.15216896756903434f,0f,0f,0f,1f], start_interpolation: 0, interpolation_duration: 1 }
$data merge entity $(bone_body) { transformation: [-0.9995933351835686f,0.0198795454309312f,-0.020444263988936878f,-2.4747662517169715e-17f,0.020407365902566598f,0.9994551429089409f,-0.025941409556678327f,0.2882f,0.019917421356906644f,-0.02634807367395389f,-0.9994543888243042f,0.20208f,0f,0f,0f,1f], start_interpolation: 0, interpolation_duration: 1 }