# This file was generated by Animated Java via MC-Build. It is not recommended to edit this file directly.
$data merge entity $(bone_head) { transformation: [-0.9999479277759571f,0.007226343878484612f,-0.007205670733471529f,0.007226343878484585f,0.007293664645202022f,0.999929587825626f,-0.009360654192794771f,1.259907712825626f,0.007137520060402648f,-0.009412722508586144f,-0.9999302257969621f,0.20960040249141387f,0f,0f,0f,1f], start_interpolation: 0, interpolation_duration: 1 }
$data merge entity $(bone_left_wing) { transformation: [-0.29984834988395825f,0.9390459521134963f,-0.16817748627900367f,0.35050744359484626f,0.7967889030398091f,0.3434612527535773f,0.4971537104855611f,1.2258601955407622f,0.5246126295320054f,0.015068764919542661f,-0.851207683975723f,0.17619320799288873f,0f,0f,0f,1f], start_interpolation: 0, interpolation_duration: 1 }
$data merge entity $(bone_right_wing) { transformation: [-0.033432417405987694f,-0.4662608731736975f,0.8840153118660855f,-0.3369567567511243f,-0.20195189107974276f,-0.8631126352630609f,-0.46287364640749346f,1.2308745899843385f,0.9788246559806854f,-0.1940035489277314f,-0.06530632318342396f,0.18110025303441554f,0f,0f,0f,1f], start_interpolation: 0, interpolation_duration: 1 }
$data merge entity $(bone_body) { transformation: [-0.9999479277759571f,0.007226343878484612f,-0.007205670733471529f,-2.682137225025092e-17f,0.007293664645202022f,0.999929587825626f,-0.009360654192794771f,0.25997812499999995f,0.007137520060402648f,-0.009412722508586144f,-0.9999302257969621f,0.21901312500000003f,0f,0f,0f,1f], start_interpolation: 0, interpolation_duration: 1 }