# This file was generated by Animated Java via MC-Build. It is not recommended to edit this file directly.
$data merge entity $(bone_head) { transformation: [-0.9999942122170851f,0.0024137027855753272f,-0.0023978263478405533f,0.002413702785575297f,0.0024211650726768037f,0.9999922201647181f,-0.003114092119494136f,1.2100922201647182f,0.002390291200323172f,-0.0031198796292087067f,-0.9999922763997114f,0.24582012037079123f,0f,0f,0f,1f], start_interpolation: 0, interpolation_duration: 1 }
$data merge entity $(bone_left_wing) { transformation: [-0.30526911789780553f,0.9379289711841073f,-0.16462080874366367f,0.346011352949779f,0.796055978257361f,0.3462214890044682f,0.49641269124816406f,1.177912872412104f,0.5225951063094755f,0.020492085424647713f,-0.8523346932375433f,0.21384619537160193f,0f,0f,0f,1f], start_interpolation: 0, interpolation_duration: 1 }
$data merge entity $(bone_right_wing) { transformation: [-0.03567597551514171f,-0.458606279600198f,0.8879231414274033f,-0.34148466794946697f,-0.19248475561898212f,-0.8686992970171822f,-0.4564111635533851f,1.1795774233995693f,0.9806512344484885f,-0.1871945823818606f,-0.05728302280376842f,0.2154895205718241f,0f,0f,0f,1f], start_interpolation: 0, interpolation_duration: 1 }
$data merge entity $(bone_body) { transformation: [-0.9999942122170851f,0.0024137027855753272f,-0.0023978263478405533f,-3.0486357417974206e-17f,0.0024211650726768037f,0.9999922201647181f,-0.003114092119494136f,0.21010000000000012f,0.002390291200323172f,-0.0031198796292087067f,-0.9999922763997114f,0.24893999999999994f,0f,0f,0f,1f], start_interpolation: 0, interpolation_duration: 1 }