# This file was generated by Animated Java via MC-Build. It is not recommended to edit this file directly.
$data merge entity $(bone_head) { transformation: [-0.9999983210819838f,0.0012945343853021298f,-0.0012969248007896586f,0.0012945343853020934f,0.0012966942685180977f,0.9999977716217614f,-0.0016659338178563676f,1.1279696466217615f,0.0012947653021398026f,-0.0016676127358459499f,-0.9999977713228043f,0.296549262264154f,0f,0f,0f,1f], start_interpolation: 0, interpolation_duration: 1 }
$data merge entity $(bone_left_wing) { transformation: [-0.306380189091265f,0.937755872988086f,-0.16353929927926614f,0.3449629741576687f,0.7964358573819139f,0.34662470705209825f,0.49552117768808085f,1.0962219171719703f,0.5213646562711518f,0.021569310081680722f,-0.8530613460085177f,0.264906369235701f,0f,0f,0f,1f], start_interpolation: 0, interpolation_duration: 1 }
$data merge entity $(bone_right_wing) { transformation: [-0.03487789908688637f,-0.4549057462699154f,0.88985633344147f,-0.3425358715861952f,-0.17816327000347668f,-0.8733048353282312f,-0.4534275177070755f,1.0971133944815765f,0.9833826220637386f,-0.17435431340504123f,-0.05058845738015157f,0.2657965203809221f,0f,0f,0f,1f], start_interpolation: 0, interpolation_duration: 1 }
$data merge entity $(bone_body) { transformation: [-0.9999983210819838f,0.0012945343853021298f,-0.0012969248007896586f,-3.652103414204763e-17f,0.0012966942685180977f,0.9999977716217614f,-0.0016659338178563676f,0.12797187500000007f,0.0012947653021398026f,-0.0016676127358459499f,-0.9999977713228043f,0.29821687499999994f,0f,0f,0f,1f], start_interpolation: 0, interpolation_duration: 1 }