# This file was generated by Animated Java via MC-Build. It is not recommended to edit this file directly.
$data merge entity $(bone_head) { transformation: [-0.9993503790676891f,-0.03603306117081799f,-0.0006620875517334851f,-0.036033061170818025f,-0.03603245335542095f,0.9993502077089343f,-0.0009081064360237036f,0.9993502077089343f,0.0006943791871052138f,-0.0008836598722490547f,-0.999999368491188f,0.2991163401277509f,0f,0f,0f,1f], start_interpolation: 0, interpolation_duration: 1 }
$data merge entity $(bone_left_wing) { transformation: [-0.309275779218209f,0.9426522298670905f,-0.1255199821365983f,0.3085989745592965f,0.8508248171989079f,0.33324381465482644f,0.40625815737378745f,0.9804782912328303f,0.4247889156127017f,0.018850292329350527f,-0.9050961516058298f,0.2676552813878416f,0f,0f,0f,1f], start_interpolation: 0, interpolation_duration: 1 }
$data merge entity $(bone_right_wing) { transformation: [-0.06214237981699445f,-0.6107338377392242f,0.7893937573042996f,-0.37845441104973976f,-0.4285389011089714f,-0.6979779973433039f,-0.5737430831486741f,0.9557059795509784f,0.9013837888862855f,-0.373939693887865f,-0.21834919388001917f,0.2681326670789764f,0f,0f,0f,1f], start_interpolation: 0, interpolation_duration: 1 }
$data merge entity $(bone_body) { transformation: [-0.9993503790676891f,-0.03603306117081799f,-0.0006620875517334851f,-3.673940397442059e-17f,-0.03603245335542095f,0.9993502077089343f,-0.0009081064360237036f,0f,0.0006943791871052138f,-0.0008836598722490547f,-0.999999368491188f,0.29999999999999993f,0f,0f,0f,1f], start_interpolation: 0, interpolation_duration: 1 }