# This file was generated by Animated Java via MC-Build. It is not recommended to edit this file directly.
$data merge entity $(bone_head) { transformation: [-0.9973145783538f,-0.07323666187223778f,-0.00015218670622354447f,-0.0732366618722378f,-0.07323662952803307f,0.9973145706025264f,-0.00020822889356914543f,0.9973145706025264f,0.00016702800863910075f,-0.00019652406976820527f,-0.9999999667399666f,0.22480347593023167f,0f,0f,0f,1f], start_interpolation: 0, interpolation_duration: 1 }
$data merge entity $(bone_left_wing) { transformation: [-0.30647539305825483f,0.9476662924091747f,-0.08945072208337461f,0.27187411428581887f,0.8952404322060239f,0.31889588497142407f,0.3112072992265193f,0.9913170745185348f,0.3234461346087788f,0.015297476253984305f,-0.9461229228947465f,0.19350220246881827f,0f,0f,0f,1f], start_interpolation: 0, interpolation_duration: 1 }
$data merge entity $(bone_right_wing) { transformation: [-0.05603921887156895f,-0.7509209562741853f,0.6580101240684124f,-0.4137796583324186f,-0.6638417376286155f,-0.46424736951653095f,-0.5863348252314557f,0.940966891718012f,0.7457705768736687f,-0.4696723297419645f,-0.4724766124839099f,0.19361703422475765f,0f,0f,0f,1f], start_interpolation: 0, interpolation_duration: 1 }
$data merge entity $(bone_body) { transformation: [-0.9973145783538f,-0.07323666187223778f,-0.00015218670622354447f,-2.7554552980815432e-17f,-0.07323662952803307f,0.9973145706025264f,-0.00020822889356914543f,0f,0.00016702800863910075f,-0.00019652406976820527f,-0.9999999667399666f,0.22499999999999987f,0f,0f,0f,1f], start_interpolation: 0, interpolation_duration: 1 }