# This file was generated by Animated Java via MC-Build. It is not recommended to edit this file directly.
$data merge entity $(bone_head) { transformation: [-0.997818653349752f,-0.06601451235907002f,-0.00013851094466048008f,-0.06601451235907004f,-0.06601448604344806f,0.9978186472443397f,-0.00018666519610112685f,0.9978186472443397f,0.00015053141532468187f,-0.00017711428577773966f,-0.999999972985411f,0.1498228857142224f,0f,0f,0f,1f], start_interpolation: 0, interpolation_duration: 1 }
$data merge entity $(bone_left_wing) { transformation: [-0.25673397342535764f,0.9653424989775001f,-0.04692042792966122f,0.2790442747741075f,0.9416271494328907f,0.2607757461318917f,0.21291857993196214f,0.9893234608080111f,0.21777506363244603f,0.010481884240438942f,-0.9759426990160099f,0.118526676205841f,0f,0f,0f,1f], start_interpolation: 0, interpolation_duration: 1 }
$data merge entity $(bone_right_wing) { transformation: [-0.05757735836021163f,-0.8830490783567551f,0.4657350888837399f,-0.40695604940384694f,-0.8446697477064168f,-0.20559139950405764f,-0.4942319230478144f,0.9439385016531406f,0.5321821728636141f,-0.42184890857183466f,-0.7340474325429619f,0.1186301665538767f,0f,0f,0f,1f], start_interpolation: 0, interpolation_duration: 1 }
$data merge entity $(bone_body) { transformation: [-0.997818653349752f,-0.06601451235907002f,-0.00013851094466048008f,-1.8369701987210313e-17f,-0.06601448604344806f,0.9978186472443397f,-0.00018666519610112685f,0f,0.00015053141532468187f,-0.00017711428577773966f,-0.999999972985411f,0.15000000000000013f,0f,0f,0f,1f], start_interpolation: 0, interpolation_duration: 1 }