# This file was generated by Animated Java via MC-Build. It is not recommended to edit this file directly.
$data merge entity $(bone_head) { transformation: [-0.9999737931392155f,-0.007239666239707455f,-0.000016355640837438794f,-0.0072396662397074645f,-0.0072396659198991535f,0.9999737930845978f,-0.000019528706221949596f,0.9999737930845978f,0.000016496593521683233f,-0.000019409785060295424f,-0.9999999996755613f,0.07498059021493977f,0f,0f,0f,1f], start_interpolation: 0, interpolation_duration: 1 }
$data merge entity $(bone_left_wing) { transformation: [-0.14947117919125932f,0.9887037880553353f,-0.01109892229925656f,0.33672705360811256f,0.9826728264190634f,0.14978496317760773f,0.10917225390845504f,0.9712126369385999f,0.10960147265773368f,0.00541149618064833f,-0.9939608809708473f,0.043725526076838536f,0f,0f,0f,1f], start_interpolation: 0, interpolation_duration: 1 }
$data merge entity $(bone_right_wing) { transformation: [-0.09926778515255771f,-0.9683755497248432f,0.22889888930707594f,-0.35075492917509815f,-0.9557728091204085f,0.028790745680881084f,-0.2926934066719334f,0.9662353666186693f,0.27684696887809446f,-0.24783036064664513f,-0.9284050130006651f,0.043736867484884694f,0f,0f,0f,1f], start_interpolation: 0, interpolation_duration: 1 }
$data merge entity $(bone_body) { transformation: [-0.9999737931392155f,-0.007239666239707455f,-0.000016355640837438794f,-9.184850993605156e-18f,-0.0072396659198991535f,0.9999737930845978f,-0.000019528706221949596f,0f,0.000016496593521683233f,-0.000019409785060295424f,-0.9999999996755613f,0.07500000000000007f,0f,0f,0f,1f], start_interpolation: 0, interpolation_duration: 1 }