# This file was generated by Animated Java via MC-Build. It is not recommended to edit this file directly.
$data merge entity $(bone_head) { transformation: [-0.994586656869602f,-0.005585123814548094f,-0.10376024464564824f,-0.005585123814548102f,-0.026945253246816233f,0.9782598662703428f,0.2056248705098581f,0.9782598662703428f,0.10035604269008193f,0.20730759859857315f,-0.973114702519122f,0.2698075985985732f,0f,0f,0f,1f], start_interpolation: 0, interpolation_duration: 1 }
$data merge entity $(bone_left_wing) { transformation: [-0.09391657362695474f,0.9900675688549182f,-0.10462258981637278f,0.33323606695840574f,0.9681690378395824f,0.11531453377264421f,0.22215146290217197f,0.9633774534564208f,0.23200946395987854f,-0.08042864789681538f,-0.9693827114357569f,0.1984220120139295f,0f,0f,0f,1f], start_interpolation: 0, interpolation_duration: 1 }
$data merge entity $(bone_right_wing) { transformation: [-0.017204218564783658f,-0.9558431629860626f,-0.29337324799029457f,-0.3505422596394457f,-0.4609989035349872f,0.2679509182925074f,-0.8459800921568673f,0.9448525918492345f,0.8872339183119157f,0.12069031924310081f,-0.4452525362509275f,0.26741679136336083f,0f,0f,0f,1f], start_interpolation: 0, interpolation_duration: 1 }
$data merge entity $(bone_body) { transformation: [-0.994586656869602f,-0.005585123814548094f,-0.10376024464564824f,-7.654042494670958e-18f,-0.026945253246816233f,0.9782598662703428f,0.2056248705098581f,0f,0.10035604269008193f,0.20730759859857315f,-0.973114702519122f,0.0625f,0f,0f,0f,1f], start_interpolation: 0, interpolation_duration: 1 }