# This file was generated by Animated Java via MC-Build. It is not recommended to edit this file directly.
$data merge entity $(bone_head) { transformation: [-0.991662090350156f,-0.0004328391506858397f,-0.12886470118938173f,-0.00043283915068584734f,-0.03335720302447758f,0.9667734760772757f,0.2534488961503781f,0.9667734760772757f,0.12447327250756603f,0.25563422815368636f,-0.9587270444853041f,0.31813422815368636f,0f,0f,0f,1f], start_interpolation: 0, interpolation_duration: 1 }
$data merge entity $(bone_left_wing) { transformation: [-0.09186299551164785f,0.9868981306272192f,-0.13263962386906533f,0.336437508718471f,0.937834897505045f,0.1305200382180258f,0.3216056974701585f,0.9559486214942243f,0.33470419040897736f,-0.09485040531313108f,-0.937537468869701f,0.2373977509592421f,0f,0f,0f,1f], start_interpolation: 0, interpolation_duration: 1 }
$data merge entity $(bone_right_wing) { transformation: [0.03402350329914669f,-0.9487864823100903f,-0.3140805823493352f,-0.3453301783972612f,-0.44165117075080157f,0.2676391331275302f,-0.8563372803943496f,0.933015544414896f,0.8965414907285103f,0.16784965118935674f,-0.40992663977584076f,0.3229731258081937f,0f,0f,0f,1f], start_interpolation: 0, interpolation_duration: 1 }
$data merge entity $(bone_body) { transformation: [-0.991662090350156f,-0.0004328391506858397f,-0.12886470118938173f,-7.654042494670958e-18f,-0.03335720302447758f,0.9667734760772757f,0.2534488961503781f,0f,0.12447327250756603f,0.25563422815368636f,-0.9587270444853041f,0.0625f,0f,0f,0f,1f], start_interpolation: 0, interpolation_duration: 1 }