# This file was generated by Animated Java via MC-Build. It is not recommended to edit this file directly.
$data merge entity $(bone_head) { transformation: [-0.9920180793849677f,-0.00012100194002706949f,-0.12609566024209698f,-0.00012100194002707715f,-0.0326405842094456f,0.966161999155488f,0.2558624311037807f,0.966161999155488f,0.121797875333792f,0.257935993506919f,-0.958454120350981f,0.320435993506919f,0f,0f,0f,1f], start_interpolation: 0, interpolation_duration: 1 }
$data merge entity $(bone_left_wing) { transformation: [-0.3748281080376639f,0.9197698573659215f,0.11630691684494687f,0.33694850477661586f,0.816960512599502f,0.38699694976520277f,-0.4275615531424545f,0.9551853384758691f,-0.438268650804577f,-0.06524392962951583f,-0.8964729886440721f,0.2405557828028686f,0f,0f,0f,1f], start_interpolation: 0, interpolation_duration: 1 }
$data merge entity $(bone_right_wing) { transformation: [-0.11994200543118752f,-0.9492700789575802f,-0.2906892370367611f,-0.34506392480054937f,-0.7197015134447606f,0.2848271695459214f,-0.6331691835787492f,0.9327449368318752f,0.6838447534919501f,0.13326590218179682f,-0.7173538544102247f,0.32429182209485063f,0f,0f,0f,1f], start_interpolation: 0, interpolation_duration: 1 }
$data merge entity $(bone_body) { transformation: [-0.9920180793849677f,-0.00012100194002706949f,-0.12609566024209698f,-7.654042494670958e-18f,-0.0326405842094456f,0.966161999155488f,0.2558624311037807f,0f,0.121797875333792f,0.257935993506919f,-0.958454120350981f,0.0625f,0f,0f,0f,1f], start_interpolation: 0, interpolation_duration: 1 }