# This file was generated by Animated Java via MC-Build. It is not recommended to edit this file directly.
$data merge entity $(bone_head) { transformation: [-0.998236040671824f,-0.0008651515748842992f,-0.05936378202736822f,-0.0008651515748843069f,-0.015321117872880503f,0.9697798595763834f,0.2435000766060155f,0.9697798595763834f,0.057359135723664044f,0.24398007187629603f,-0.9680824624360632f,0.306480071876296f,0f,0f,0f,1f], start_interpolation: 0, interpolation_duration: 1 }
$data merge entity $(bone_left_wing) { transformation: [-0.24162819949562528f,0.896488325542596f,0.37138187270562184f,0.3404504052044151f,0.526948685574907f,0.44259819386456906f,-0.7255562842114314f,0.952350250627362f,-0.8148256844131634f,0.02038433108183048f,-0.5793475494614317f,0.24888591477402527f,0f,0f,0f,1f], start_interpolation: 0, interpolation_duration: 1 }
$data merge entity $(bone_right_wing) { transformation: [-0.27734498147399167f,-0.9469084848793969f,-0.16261636607240973f,-0.34583687275746394f,-0.8923753275175008f,0.31660276977484536f,-0.32160373289022814f,0.9418169820897566f,0.35601409535188944f,0.055919651593165476f,-0.9328059586411714f,0.28832032058404433f,0f,0f,0f,1f], start_interpolation: 0, interpolation_duration: 1 }
$data merge entity $(bone_body) { transformation: [-0.998236040671824f,-0.0008651515748842992f,-0.05936378202736822f,-7.654042494670958e-18f,-0.015321117872880503f,0.9697798595763834f,0.2435000766060155f,0f,0.057359135723664044f,0.24398007187629603f,-0.9680824624360632f,0.0625f,0f,0f,0f,1f], start_interpolation: 0, interpolation_duration: 1 }