# This file was generated by Animated Java via MC-Build. It is not recommended to edit this file directly.
$data merge entity $(bone_head) { transformation: [-0.9892548183396375f,0.010148001734389038f,0.14584897138001968f,0.01014800173438903f,0.03820612219026828f,0.9808667686698469f,0.1908944062730894f,0.9808667686698469f,-0.1411212125053964f,0.19441553482160795f,-0.9707148928501277f,0.25691553482160795f,0f,0f,0f,1f], start_interpolation: 0, interpolation_duration: 1 }
$data merge entity $(bone_left_wing) { transformation: [0.0341300655148053f,0.8850563915966362f,0.46423089332992107f,0.35444500084006536f,0.3560389370009037f,0.4232590823287733f,-0.8331194539593174f,0.9430467778420434f,-0.9338476395896824f,0.1937186953294556f,-0.30066867664030467f,0.26901562575559623f,0f,0f,0f,1f], start_interpolation: 0, interpolation_duration: 1 }
$data merge entity $(bone_right_wing) { transformation: [-0.369445568292658f,-0.9174028361641351f,0.14792568494658437f,-0.3256676867684354f,-0.9279691480490232f,0.37259379238962786f,-0.006864848278352431f,0.9693134868478529f,-0.048818360665684096f,-0.13980665960788888f,-0.9889746536646928f,0.17199479215813623f,0f,0f,0f,1f], start_interpolation: 0, interpolation_duration: 1 }
$data merge entity $(bone_body) { transformation: [-0.9892548183396375f,0.010148001734389038f,0.14584897138001968f,-7.654042494670958e-18f,0.03820612219026828f,0.9808667686698469f,0.1908944062730894f,0f,-0.1411212125053964f,0.19441553482160795f,-0.9707148928501277f,0.0625f,0f,0f,0f,1f], start_interpolation: 0, interpolation_duration: 1 }