# This file was generated by Animated Java via MC-Build. It is not recommended to edit this file directly.
$data merge entity $(bone_head) { transformation: [-0.9772522698157613f,0.018244112323549767f,0.21129399779801641f,0.01824411232354976f,0.0549268190232636f,0.98407205092413f,0.16907171005807653f,0.98407205092413f,-0.2048439544920184f,0.17683141959364107f,-0.9626887364836931f,0.23933141959364107f,0f,0f,0f,1f], start_interpolation: 0, interpolation_duration: 1 }
$data merge entity $(bone_left_wing) { transformation: [0.1211157557086825f,0.8755553755374342f,0.467689809688662f,0.3602073889937948f,0.3047152750517226f,0.41561546579420067f,-0.8569786378567568f,0.9397221962328189f,-0.944711371197186f,0.2463058443483871f,-0.21645751585602313f,0.2741365240728557f,0f,0f,0f,1f], start_interpolation: 0, interpolation_duration: 1 }
$data merge entity $(bone_right_wing) { transformation: [-0.2738229438013242f,-0.9058876164883312f,0.3230922805346286f,-0.31165354650454113f,-0.8624598376918102f,0.37995044021266805f,0.33436610377072684f,0.9774843843113127f,-0.42565716699780065f,-0.18709700498749304f,-0.8853308347211885f,0.13330630535959306f,0f,0f,0f,1f], start_interpolation: 0, interpolation_duration: 1 }
$data merge entity $(bone_body) { transformation: [-0.9772522698157613f,0.018244112323549767f,0.21129399779801641f,-7.654042494670958e-18f,0.0549268190232636f,0.98407205092413f,0.16907171005807653f,0f,-0.2048439544920184f,0.17683141959364107f,-0.9626887364836931f,0.0625f,0f,0f,0f,1f], start_interpolation: 0, interpolation_duration: 1 }