# This file was generated by Animated Java via MC-Build. It is not recommended to edit this file directly.
$data merge entity $(bone_head) { transformation: [-0.9998274218438639f,0.0016729353171758758f,0.018502103028486695f,-0.017808252329869788f,0.0007236935993063054f,0.9986885318913098f,-0.05119270002992926f,0.991739079756739f,-0.01856348018628279f,-0.05117047543461505f,-0.998517390758503f,0.06151124875692457f,0f,0f,0f,1f], start_interpolation: 0, interpolation_duration: 1 }
$data merge entity $(bone_left_wing) { transformation: [-0.21634587743002356f,0.9756703004244983f,0.03552360044537177f,0.32733685990077227f,0.9762836976898454f,0.21649483872532926f,-0.000355570437666601f,0.9666127355807477f,-0.00803759566510404f,0.034604185799739035f,-0.9993687744676945f,0.04251899160704539f,0f,0f,0f,1f], start_interpolation: 0, interpolation_duration: 1 }
$data merge entity $(bone_right_wing) { transformation: [-0.18144209140496095f,-0.9827598085381756f,0.03552360044537177f,-0.35962012376205926f,-0.9833827136755585f,0.1815442425794836f,-0.000355570437666601f,0.9543531425548393f,-0.006099664801308159f,-0.034997810049347974f,-0.9993687744676945f,0.018104754455265056f,0f,0f,0f,1f], start_interpolation: 0, interpolation_duration: 1 }
$data merge entity $(bone_body) { transformation: [-0.9992101580550277f,-0.01780825232986978f,0.03552360044537177f,-7.654042494670958e-18f,-0.017832135310412306f,0.9998409316085909f,-0.000355570437666601f,-0.008101851851851858f,-0.03551161767531685f,-0.000988751243075432f,-0.9993687744676945f,0.0625f,0f,0f,0f,1f], start_interpolation: 0, interpolation_duration: 1 }