# This file was generated by Animated Java via MC-Build. It is not recommended to edit this file directly.
$data merge entity $(bone_head) { transformation: [-0.9993084718159586f,-0.0005615156366991531f,-0.037178795798724684f,0.03548044257040416f,-0.001512121737650567f,0.9996725213845796f,0.025545322007119686f,0.9762182449972246f,0.03715227644040202f,0.025583875562288274f,-0.9989820687412309f,0.05968034636589279f,0f,0f,0f,1f], start_interpolation: 0, interpolation_duration: 1 }
$data merge entity $(bone_left_wing) { transformation: [-0.2268710051407921f,0.9713309134178424f,-0.0710338205734895f,0.3748165441075625f,0.9737954932668712f,0.2274252663901497f,-0.00029240468583304857f,0.93274446524063f,0.015870863856058074f,-0.06923875248897446f,-0.9974738647374342f,0.004198564065407313f,0f,0f,0f,1f], start_interpolation: 0, interpolation_duration: 1 }
$data merge entity $(bone_right_wing) { transformation: [-0.2953542381649513f,-0.952743444130021f,-0.0710338205734895f,-0.3105128004132476f,-0.9551500502528375f,0.2961220964425004f,-0.00029240468583304857f,0.9572133498893689f,0.021313270514002464f,0.06776159432719947f,-0.9974738647374342f,0.05299624047242034f,0f,0f,0f,1f], start_interpolation: 0, interpolation_duration: 1 }
$data merge entity $(bone_body) { transformation: [-0.9968426829393601f,0.03548044257040417f,-0.0710338205734895f,-7.654042494670958e-18f,0.03559110494362018f,0.9993663931453728f,-0.00029240468583304857f,-0.02314814814814815f,0.07097843841020077f,-0.002819653634107208f,-0.9974738647374342f,0.0625f,0f,0f,0f,1f], start_interpolation: 0, interpolation_duration: 1 }