# This file was generated by Animated Java via MC-Build. It is not recommended to edit this file directly.
$data merge entity $(bone_head) { transformation: [-0.9998274193239358f,-0.0009854840392473732f,-0.01855156029144512f,0.01780825232986974f,-0.0007236935526984175f,0.9999001456715719f,-0.014112935683655757f,0.991739079756739f,0.018563615910714086f,-0.014097074419098809f,-0.9997282954168808f,0.061511248756924576f,0f,0f,0f,1f], start_interpolation: 0, interpolation_duration: 1 }
$data merge entity $(bone_left_wing) { transformation: [-0.18144209140496098f,0.9827598085381756f,-0.03552360044537145f,0.35962012376205926f,0.9833827136755584f,0.18154424257948362f,-0.00035557043766660065f,0.9543531425548393f,0.006099664801308103f,-0.034997810049347655f,-0.9993687744676945f,0.018104754455265173f,0f,0f,0f,1f], start_interpolation: 0, interpolation_duration: 1 }
$data merge entity $(bone_right_wing) { transformation: [-0.21634587743002354f,-0.9756703004244983f,-0.03552360044537145f,-0.32733685990077227f,-0.9762836976898455f,0.21649483872532924f,-0.00035557043766660065f,0.9666127355807477f,0.008037595665103968f,0.034604185799738715f,-0.9993687744676945f,0.04251899160704529f,0f,0f,0f,1f], start_interpolation: 0, interpolation_duration: 1 }
$data merge entity $(bone_body) { transformation: [-0.9992101580550277f,0.017808252329869746f,-0.03552360044537145f,-7.654042494670958e-18f,0.01783213531041227f,0.9998409316085909f,-0.00035557043766660065f,-0.00810185185185184f,0.035511617675316534f,-0.0009887512430754248f,-0.9993687744676945f,0.0625f,0f,0f,0f,1f], start_interpolation: 0, interpolation_duration: 1 }