# This file was generated by Animated Java via MC-Build. It is not recommended to edit this file directly.
$data merge entity $(bone_head) { transformation: [-0.9989577606920284f,0.003967271785767894f,0.04547145376767592f,-0.04345344937899951f,0.001898968395504102f,0.9989653100218814f,-0.045439006282261225f,0.9677982196192176f,-0.04560467379776896f,-0.045305299110196255f,-0.9979316828322141f,0.058698340791402064f,0f,0f,0f,1f], start_interpolation: 0, interpolation_duration: 1 }
$data merge entity $(bone_left_wing) { transformation: [-0.38122724929984403f,0.9203638726355362f,0.08715575906727645f,0.30274408582201284f,0.9238795152925805f,0.3826834739347208f,2.564699950070165e-8f,0.9515721434166081f,-0.0333530450487111f,0.08052143021936733f,-0.9961946966639635f,0.05761733579098191f,0f,0f,0f,1f], start_interpolation: 0, interpolation_duration: 1 }
$data merge entity $(bone_right_wing) { transformation: [-0.29956147784156434f,-0.9500877826047364f,0.08715575906727645f,-0.3814879090521196f,-0.9537169642783763f,0.3007057565921175f,2.564699950070165e-8f,0.9215837836985635f,-0.02620826283858655f,-0.08312191827416737f,-0.9961946966639635f,-0.0022452190491381308f,0f,0f,0f,1f], start_interpolation: 0, interpolation_duration: 1 }
$data merge entity $(bone_body) { transformation: [-0.9952465379987381f,-0.043453449378999504f,0.08715575906727645f,-7.654042494670958e-18f,-0.04361943231715576f,0.9990482196192176f,2.564699950070165e-8f,-0.03125f,-0.0870728070401746f,-0.003801659208597935f,-0.9961946966639635f,0.0625f,0f,0f,0f,1f], start_interpolation: 0, interpolation_duration: 1 }
execute on vehicle unless entity @s[tag=aj.transforms_only] positioned ^0.0054472349 ^-0.0312499984 ^0.0002378315 rotated ~5.0000009386 ~0.0000014695 run function animated_java:tux/animations/run/zzz/frames/zzz/0