# This file was generated by Animated Java via MC-Build. It is not recommended to edit this file directly.
$data merge entity $(bone_head) { transformation: [-1f,5.341834311772723e-18f,1.223481206754078e-16f,-7.654042494670958e-18f,0f,0.9990482215818578f,-0.043619387365336f,1f,-1.2246467991473532e-16f,-0.043619387365336f,-0.9990482215818578f,0.0625f,0f,0f,0f,1f], start_interpolation: 0, interpolation_duration: 1 }
$data merge entity $(bone_left_wing) { transformation: [-0.5000000000000001f,0.8660254037844386f,1.2246467991473532e-16f,0.34375f,0.8660254037844386f,0.5000000000000001f,0f,0.96875f,-6.123233995736767e-17f,1.0605752387249068e-16f,-1f,0.03125000000000004f,0f,0f,0f,1f], start_interpolation: 0, interpolation_duration: 1 }
$data merge entity $(bone_right_wing) { transformation: [-0.5000000000000001f,-0.8660254037844386f,1.2246467991473532e-16f,-0.34375f,-0.8660254037844386f,0.5000000000000001f,0f,0.96875f,-6.123233995736767e-17f,-1.0605752387249068e-16f,-1f,0.03124999999999996f,0f,0f,0f,1f], start_interpolation: 0, interpolation_duration: 1 }
$data merge entity $(bone_body) { transformation: [-1f,0f,1.2246467991473532e-16f,-7.654042494670958e-18f,0f,1f,0f,0f,-1.2246467991473532e-16f,0f,-1f,0.0625f,0f,0f,0f,1f], start_interpolation: 0, interpolation_duration: 1 }