# This file was generated by Animated Java via MC-Build. It is not recommended to edit this file directly.
$data merge entity $(bone_head) { transformation: [-0.9998274193239358f,-0.0009854840392473658f,-0.018551560291445144f,0.017808252329869764f,-0.0007236935526984106f,0.9999001456715719f,-0.014112935683655735f,0.991739079756739f,0.01856361591071411f,-0.014097074419098785f,-0.9997282954168808f,0.061511248756924576f,0f,0f,0f,1f], start_interpolation: 0, interpolation_duration: 1 }
$data merge entity $(bone_left_wing) { transformation: [-0.4614182230550418f,0.8864712613751927f,-0.035523600445371485f,0.35962012376205926f,0.8870369014166816f,0.46169839624451375f,-0.00035557043766660043f,0.9543531425548393f,0.016085986380072866f,-0.03167481114574559f,-0.9993687744676945f,0.01810475445526516f,0f,0f,0f,1f], start_interpolation: 0, interpolation_duration: 1 }
$data merge entity $(bone_right_wing) { transformation: [-0.49271312235759873f,-0.8694664184820616f,-0.035523600445371485f,-0.32733685990077227f,-0.8700092530104421f,0.49303526572231743f,-0.00035557043766660043f,0.9666127355807477f,0.017823544339953243f,0.030730666867158283f,-0.9993687744676945f,0.0425189916070453f,0f,0f,0f,1f], start_interpolation: 0, interpolation_duration: 1 }
$data merge entity $(bone_body) { transformation: [-0.9992101580550277f,0.01780825232986977f,-0.035523600445371485f,-7.654042494670958e-18f,0.017832135310412296f,0.9998409316085909f,-0.00035557043766660043f,-0.00810185185185185f,0.03551161767531657f,-0.000988751243075426f,-0.9993687744676945f,0.0625f,0f,0f,0f,1f], start_interpolation: 0, interpolation_duration: 1 }