# This file was generated by Animated Java via MC-Build. It is not recommended to edit this file directly.
$data merge entity $(bone_head) { transformation: [-0.9989577368132185f,0.0001844550229656971f,-0.04564434288448984f,0.0434534493789995f,-0.001898968436949585f,0.9989581040389646f,0.04559715225486077f,0.9677982196192176f,0.045605196851760704f,0.04563630518810642f,-0.997916576507721f,0.05869834079140208f,0f,0f,0f,1f], start_interpolation: 0, interpolation_duration: 1 }
$data merge entity $(bone_left_wing) { transformation: [-0.29956147784156434f,0.9500877826047364f,-0.0871557590672762f,0.3814879090521196f,0.9537169642783763f,0.3007057565921175f,2.564699950070165e-8f,0.9215837836985635f,0.026208262838586478f,-0.08312191827416714f,-0.9961946966639635f,-0.0022452190491380336f,0f,0f,0f,1f], start_interpolation: 0, interpolation_duration: 1 }
$data merge entity $(bone_right_wing) { transformation: [-0.38122724929984403f,-0.9203638726355362f,-0.0871557590672762f,-0.30274408582201284f,-0.9238795152925805f,0.3826834739347208f,2.564699950070165e-8f,0.9515721434166081f,0.03335304504871101f,0.08052143021936713f,-0.9961946966639635f,0.057617335790981834f,0f,0f,0f,1f], start_interpolation: 0, interpolation_duration: 1 }
$data merge entity $(bone_body) { transformation: [-0.9952465379987381f,0.043453449378999504f,-0.0871557590672762f,-7.654042494670958e-18f,0.04361943231715576f,0.9990482196192176f,2.564699950070165e-8f,-0.03125f,0.08707280704017435f,-0.0038016592085979247f,-0.9961946966639635f,0.0625f,0f,0f,0f,1f], start_interpolation: 0, interpolation_duration: 1 }
execute on vehicle unless entity @s[tag=aj.transforms_only] positioned ^-0.0054472349 ^-0.0312499984 ^0.0002378315 rotated ~354.9999990614 ~0.0000014695 run function animated_java:tux/animations/run/zzz/frames/zzz/1